6.117305673198786264e-02,1.051619853888586531e-01,5.462666409249288257e-01,6.959107928471613969e-01,1.762171762988013202e-01,5.647022816822157010e-01,5.667587312397258659e-01,5.719162736081687681e-01,5.153819622742206175e-01,2.545885933981427152e-01,2.337655489583709556e-01,3.691009219486450221e-01,5.690088472049986690e-01,2.756170261350990858e-01,3.604233405950058033e-01,1.969296515408926751e-01,3.295432944157313249e-01,1.301767533914662267e-01,3.033624157468209903e-01,4.034969771161545093e-01,2.308898408630591648e-01,5.040821934753670908e-01,9.282968272563184298e-02,1.751339081337462966e-01,1.978412835776207634e-01,3.679115451591744579e-01,4.841100775955738955e-01,5.235020982542696322e-01,2.612907926692572547e-01,2.898715852860161424e-01,1.895021030947452723e-01,4.943701384326845694e-02,7.590118202265898617e-01,3.287955667224757295e-01,2.313552889727779616e-01,4.401446005490121660e-01,5.072556427702417103e-01,5.813993039876035329e-01,3.281859739327214198e-02,1.859242183876431975e-01,1.315939224776777883e-01,6.667128815436466904e-02,3.113552844058514735e-01,2.046671086624864966e-01,2.434522738437903608e-02,1.459732137644367267e-01,6.594190708457962069e-01,2.666843085449189799e-01,3.015793547638119798e-01,2.389895288787574970e-02,1.580085962263373112e-01,7.178853672117954110e-01,4.290922253808188702e-01,2.202160766990757801e-01,8.407349160362742602e-01,3.481079379757436310e-01,2.042700223761192424e-01,3.870722017340080257e-01,5.054327892822219059e-01,1.711960935959400132e-01
2.506374534044309987e-01,2.494972215629434609e-01,8.676923130874449885e-01,9.397313215808815734e-01,4.777457245062000646e-01,6.813919743891605485e-01,6.646467366886146255e-01,7.965477414444497306e-01,7.910694528137417469e-01,5.165957513484011887e-01,4.400045603121682802e-01,4.714485480142224794e-01,7.329902224487566675e-01,3.973341498266197980e-01,7.234014908723858106e-01,5.259933770308636847e-01,4.450079972732330913e-01,3.528756621312387209e-01,4.093216800742306982e-01,5.698872274489769074e-01,4.144563190513666506e-01,5.750378723108910961e-01,3.485539752666556024e-01,4.550624897711066374e-01,3.822942942836807800e-01,4.535119483536547702e-01,8.108199457021636469e-01,7.359031429224547338e-01,4.283109012587597575e-01,7.148314493664216229e-01,3.712117962934795568e-01,2.665362371851442425e-01,9.638260228283475062e-01,3.934769755393064394e-01,5.316027072560527422e-01,4.958616214359939378e-01,5.871715796487100292e-01,7.391540519456403224e-01,1.568706805291591733e-01,4.790822588099601931e-01,3.252034001820282016e-01,3.291943691686415874e-01,6.395432583309839103e-01,5.540457991931986292e-01,1.177422461117102331e-01,5.849155069140371532e-01,9.422160741980939447e-01,5.074047272999626657e-01,5.278771944079115874e-01,1.310906024694357408e-01,3.581502799225488309e-01,9.042989878549292371e-01,7.554172344235752234e-01,5.759920209984018546e-01,9.365001239195078764e-01,5.295330761835811417e-01,2.776768457065322826e-01,4.590711544360323026e-01,8.929816247389944506e-01,2.531571977773486859e-01
2.083507897777198692e-01,2.220665778849447713e-01,8.364876517240946718e-01,9.216954068062395145e-01,4.250685983873774831e-01,6.652824965588194361e-01,6.509455452730601444e-01,7.698225844859302169e-01,7.586541793890336782e-01,4.748367314181687893e-01,4.061837279542453438e-01,4.560813730344792094e-01,7.114797609983448679e-01,3.782139710814576561e-01,6.762268402152867841e-01,4.707476851018779218e-01,4.273744200664529314e-01,3.109071503815214466e-01,3.929704546572570512e-01,5.455925674578027129e-01,3.843193327690578309e-01,5.647623307575027063e-01,2.957153586799280420e-01,4.059100880081999430e-01,3.510033925503336927e-01,4.406648357222103241e-01,7.743045687280857292e-01,7.085612739870097432e-01,4.016199037347830680e-01,6.576904393419953365e-01,3.401240669876127720e-01,2.146477006799569487e-01,9.511856952485160388e-01,3.836976346282375272e-01,4.830309103217557132e-01,4.876575944327108947e-01,5.756442693582193293e-01,7.185119881299406597e-01,1.266347512427967170e-01,4.285340303433732290e-01,2.891548932181736142e-01,2.700801601807076846e-01,5.921959878770829411e-01,4.965835091095034404e-01,9.451730046201994861e-02,5.084685511880655540e-01,9.226775942624050320e-01,4.693047559618007125e-01,4.930540371139880418e-01,1.036048785107258063e-01,3.223315216549225704e-01,8.863203314438452551e-01,7.151704981648380199e-01,5.190358579035997399e-01,9.269371943399219438e-01,5.022530239640314864e-01,2.659666297440618221e-01,4.483375735155605279e-01,8.598298707116279749e-01,2.396818420630868196e-01
5.807688253707041781e-01,4.506978666334514605e-01,9.662180036165093355e-01,9.880376243346503662e-01,7.637638052930878496e-01,7.675464753823053599e-01,7.398154072866405251e-01,9.087942850220197544e-01,9.194316928535157807e-01,7.422071849744977801e-01,6.412487029979861974e-01,5.626916397854437868e-01,8.383308667968982775e-01,5.152522128731797935e-01,9.084603510718401997e-01,8.046636164837800420e-01,5.509062635540464825e-01,6.264334382256949718e-01,5.092133035060267821e-01,7.038101521303222752e-01,5.986002313414894305e-01,6.343705078762539307e-01,6.924880568408448012e-01,7.329345657570361938e-01,5.792061551197951186e-01,5.303820496247317884e-01,9.413114914178007941e-01,8.621665960324917943e-01,5.898460148882767040e-01,9.238512445265676387e-01,5.689842026986302592e-01,6.630251289138697768e-01,9.941635280005051145e-01,4.529764098845917020e-01,7.824040915372356686e-01,5.444031076580819750e-01,6.532015421928971666e-01,8.403852992899473184e-01,4.493679076943314366e-01,7.552015367346976982e-01,5.683817309498765402e-01,7.236276404401486007e-01,8.533620512151071091e-01,8.298996448193424191e-01,3.642068502741530045e-01,8.980546760936517492e-01,9.904614807852826219e-01,7.179231499657353632e-01,7.187432821955419548e-01,4.227501176647250891e-01,5.898569558523120149e-01,9.672569555380244877e-01,9.133785977944520740e-01,8.417155721773005306e-01,9.729789877196851622e-01,6.826761913420251737e-01,3.531593412484752004e-01,5.231588673848323046e-01,9.810339109741746944e-01,3.426541047101194226e-01
2.826482810084392505e-01,2.695056680862881748e-01,8.859991157260519445e-01,9.497410100169676461e-01,5.141176373965173907e-01,6.921634064151220844e-01,6.738578647464452676e-01,8.134460238404002119e-01,8.113163319325270573e-01,5.450458408259145626e-01,4.634706752821580733e-01,4.819870432825172912e-01,7.470947233363627316e-01,4.105920556934108401e-01,7.530887322927670713e-01,5.634789817542072976e-01,4.571458458732337027e-01,3.829837736244674495e-01,4.206188286421403966e-01,5.863113745922731157e-01,4.354488822334240394e-01,5.820259709897601663e-01,3.870568830472975175e-01,4.892373467494406936e-01,4.042804802162657252e-01,4.623314651244557760e-01,8.330641495727292289e-01,7.536200162546612402e-01,4.468109244496251131e-01,7.504055164794775079e-01,3.931144172372070811e-01,3.062893651962842467e-01,9.705871204740095237e-01,4.002124363294264908e-01,5.645215936290479686e-01,5.014716967057195607e-01,5.949981601523125496e-01,7.526888583415353162e-01,1.807556262274048753e-01,5.139512291825516499e-01,3.511328156579062165e-01,3.731365906071679728e-01,6.704751709939326121e-01,5.926045114376917722e-01,1.363409817367027821e-01,6.351328585253619430e-01,9.527982646215935603e-01,5.334284274017574434e-01,5.515485903766287334e-01,1.532676370997812509e-01,3.836126993069398639e-01,9.150837784787748674e-01,7.806206646023714502e-01,6.138884314769165185e-01,9.423523130544532167e-01,5.480913627911115915e-01,2.858624489688364467e-01,4.664314936646770660e-01,9.114855770109668853e-01,2.626528056829623425e-01
2.642131317777132171e-01,2.580477842084131779e-01,8.759166593509827292e-01,9.442813531666258697e-01,4.935068235453743957e-01,6.860861766510367721e-01,6.686557349682828999e-01,8.040096269076499880e-01,8.000371902509699762e-01,5.289531541369565382e-01,4.501506164124691733e-01,4.760144774629251341e-01,7.391655549631127586e-01,4.030642621171233175e-01,7.365380201898784618e-01,5.423048087815186546e-01,4.502626388740773589e-01,3.658006091945956717e-01,4.142080520901095242e-01,5.770283178063926321e-01,4.235232725296369516e-01,5.780711102534077384e-01,3.650367512571831008e-01,4.698445394317409263e-01,3.917720999991106123e-01,4.573320084286123244e-01,8.207307981226225069e-01,7.436827612821167444e-01,4.363093043384101422e-01,7.306222744449135664e-01,3.806476731447889228e-01,2.833620048160099270e-01,9.669235133555562633e-01,3.963920300815249043e-01,5.459241665127899656e-01,4.982935775174291981e-01,5.905701082585423922e-01,7.450798395144839770e-01,1.668939703727865820e-01,4.941930767217777021e-01,3.363241449643805114e-01,3.479314858378120823e-01,6.531132312910959969e-01,5.708696226928294815e-01,1.255192067697472880e-01,6.069696332278111672e-01,9.470525770999201898e-01,5.186993876178378482e-01,5.381606090533403997e-01,1.403499377305433560e-01,3.690998887273160278e-01,9.091171150677807011e-01,7.665779363338572905e-01,5.925583613852056786e-01,9.391021850530983928e-01,5.375912810336315184e-01,2.812076001253944191e-01,4.622599034227506953e-01,9.013887416766789284e-01,2.572455775127395206e-01
8.400559154837763387e-01,6.568696625038695780e-01,9.912903228764358143e-01,9.974709677231665683e-01,9.135181543665746862e-01,8.322718534671682544e-01,7.995505857783382631e-01,9.598832929364471411e-01,9.698005097006274777e-01,8.794113175676921967e-01,7.943868785446841496e-01,6.446754942233092756e-01,9.039841436291558008e-01,6.245535054481342607e-01,9.719571397620108133e-01,9.337465629437985415e-01,6.463582441139917867e-01,8.278424602503454688e-01,6.023745558636988129e-01,8.042824371850416654e-01,7.499741166878445275e-01,6.865677389974739198e-01,8.965556055484799058e-01,8.933404456194805610e-01,7.444281912885994945e-01,6.012487603914324907e-01,9.822349114688324612e-01,9.303258799258132816e-01,7.260807420342179075e-01,9.815602510567357220e-01,7.373736924505379653e-01,9.055757734362882561e-01,9.989703829104491506e-01,5.100559071518225851e-01,9.138146835972777993e-01,5.891870481299530393e-01,7.102343114425726522e-01,9.039642107164131968e-01,7.655315897288059723e-01,9.056386394253117533e-01,7.716962096461251752e-01,9.264025573272747227e-01,9.466036644760079666e-01,9.462256076020222340e-01,6.919030101844013680e-01,9.800535389347486692e-01,9.983059580148700984e-01,8.560000963636099636e-01,8.472782805270284712e-01,7.631548659116152988e-01,7.775137220921748415e-01,9.885096239523720740e-01,9.708886727677447093e-01,9.503029715078266104e-01,9.881187194912035565e-01,7.979634702076194852e-01,4.313911434650634646e-01,5.826125686021728090e-01,9.965185520618919934e-01,4.383372982482029445e-01
1.303205996807311473e-01,1.663501123364987677e-01,7.405132134441750891e-01,8.587407966341463750e-01,3.095213198019243772e-01,6.259284865477281468e-01,6.177833361784392796e-01,6.978513349151641565e-01,6.699736750879432545e-01,3.790648522089333783e-01,3.305907865013562597e-01,4.203467308871607910e-01,6.571265508413840495e-01,3.348288928006285525e-01,5.518027380258987424e-01,3.459311423166515631e-01,3.867283055908065093e-01,2.242449238640762954e-01,3.555320515732054987e-01,4.878473031588015929e-01,3.172155389054737151e-01,5.404107102231962001e-01,1.919527585770034461e-01,2.989206325046783741e-01,2.826353611969948942e-01,4.108146846203621916e-01,6.703478619183618203e-01,6.382859699590589520e-01,3.413796924407708766e-01,5.070144733150363514e-01,2.725598030165973240e-01,1.227597664145222423e-01,9.032987396789116108e-01,3.610954884197670189e-01,3.717019333291229355e-01,4.684126127815607110e-01,5.482513514724298709e-01,6.663143931803280351e-01,7.467504100225762220e-02,3.170219839553626295e-01,2.145220051535287886e-01,1.600572969471233675e-01,4.755907598774858358e-01,3.645222123784068735e-01,5.535398504009277770e-02,3.334758823550241780e-01,8.513945733512244818e-01,3.819136366253272907e-01,4.120758718030749224e-01,5.819881332820577013e-02,2.463256449797200931e-01,8.322905798421774692e-01,6.068262992096773445e-01,3.858753146724323013e-01,8.990573936582212378e-01,4.383806887028290911e-01,2.397178524787337284e-01,4.233199753929736686e-01,7.485382619522562564e-01,2.099902813333099916e-01
2.726691956895251900e-01,2.633236660160985787e-01,8.806861216995529595e-01,9.468803855223012489e-01,5.030702328259402112e-01,6.889136714217862778e-01,6.710743627015265389e-01,8.084316338279654568e-01,8.053316815786650817e-01,5.364285150126174573e-01,4.563224346999336656e-01,4.787845598109194412e-01,7.428640206971854898e-01,4.065511583323551670e-01,7.443040968085096187e-01,5.521518242412420951e-01,4.534537359895412512e-01,3.737328855878006006e-01,4.171787066726078130e-01,5.813421581743309918e-01,4.290456785015486774e-01,5.799071524379352249e-01,3.751886146041528702e-01,4.788336191374042428e-01,3.975584830860534602e-01,4.596503819933722146e-01,8.265390215563176435e-01,7.483253692364164600e-01,4.411747693164341233e-01,7.399221088845536753e-01,3.864128679659170618e-01,2.938693975258042101e-01,9.686749658299466104e-01,3.981628767008746350e-01,5.545711709832283898e-01,4.997679895885572265e-01,5.926262721611789130e-01,7.486289207156484604e-01,1.732161879030166274e-01,5.033608966297009601e-01,3.431564533587644905e-01,3.595289799705461697e-01,6.612220527689222083e-01,5.809923801045636660e-01,1.304452397468740255e-01,6.201366022276434409e-01,9.497959733225382895e-01,5.255381825568304910e-01,5.443796837279089029e-01,1.462257551324772364e-01,3.758051314567953383e-01,9.119307599954361576e-01,7.731693658167207994e-01,6.025026584247046291e-01,9.406307855830571274e-01,5.424672672355533853e-01,2.833613646579582479e-01,4.641945933199449481e-01,9.061946496788280125e-01,2.597450588631056156e-01
2.427753824991316089e-01,2.444950407040441254e-01,8.625772479912200419e-01,9.368582228658400846e-01,4.683770285892782659e-01,6.785783108051882673e-01,6.622474985511387358e-01,7.920037304823366320e-01,7.855890596624253153e-01,5.092247442577093608e-01,4.339844994490649199e-01,4.687311860398257202e-01,7.292681797349207518e-01,3.939343749512820847e-01,7.153876139898106556e-01,5.162491947628615740e-01,4.418839581354322421e-01,3.452769097638397899e-01,4.064196576197485755e-01,5.656197568654759422e-01,4.090828167381461711e-01,5.732284961762311726e-01,3.389030116329364573e-01,4.462937410988068176e-01,3.766908329544321199e-01,4.512391949208561237e-01,8.047199265245973399e-01,7.311981064049376533e-01,4.235643171876722901e-01,7.051662186355392992e-01,3.656373743848335134e-01,2.568220521893637698e-01,9.618503000033181705e-01,3.917442798598891329e-01,5.230461478732808533e-01,4.944131734933125411e-01,5.851433546016859832e-01,7.355824334397845776e-01,1.511367447555324595e-01,4.700982662476634322e-01,3.186710426650761763e-01,3.182822555548897592e-01,6.313517409444862061e-01,5.439633840374740181e-01,1.133111359680258057e-01,5.716098047296942486e-01,9.391412386230423293e-01,5.006730126789658009e-01,5.217403103874512782e-01,1.258256253602131614e-01,3.516972087129555113e-01,9.013217544265940129e-01,7.486004657459753853e-01,5.660403683255111895e-01,9.349013810713509010e-01,5.247258104742675844e-01,2.755868570966333864e-01,4.571734307449749068e-01,8.876793601364108000e-01,2.507425618629280928e-01
2.590423614203302694e-01,2.548032607194074539e-01,8.728701722881401226e-01,9.426059615261571656e-01,4.875641778253350100e-01,6.843216057787753215e-01,6.671478098215569696e-01,8.012222423198167576e-01,7.966920932413701362e-01,5.242997163792885162e-01,4.463218231319668328e-01,4.742933327516470343e-01,7.368493205589032868e-01,4.009017180076017706e-01,7.316349719445994770e-01,5.361667247771180200e-01,4.482811032041038035e-01,3.609060512444019486e-01,4.123646251985884637e-01,5.743408675593999480e-01,4.201000695369586646e-01,5.769287383157790661e-01,3.587856850412148302e-01,4.642664190296174609e-01,3.881904529406289828e-01,4.558918367456583076e-01,8.170444345877938552e-01,7.407687924723254103e-01,4.332910481353058341e-01,7.247368350460341446e-01,3.770808130648511391e-01,2.769463822135090347e-01,9.657875325887500528e-01,3.952926395573964635e-01,5.405348711571072995e-01,4.973770994194454120e-01,5.892903981342387798e-01,7.428571927251150786e-01,1.630579129398318505e-01,4.884959550091618752e-01,3.321112223457365342e-01,3.408113170197817343e-01,6.480272729291407519e-01,5.645467589085932936e-01,1.225381353649898086e-01,5.987046482627652599e-01,9.452765696251885785e-01,5.144447096520853302e-01,5.342887261082851502e-01,1.367980027366173523e-01,3.649570705155217309e-01,9.073276231840951001e-01,7.624141218440015910e-01,5.863380107823860099e-01,9.381335389554832371e-01,5.345566901818034067e-01,2.798738590591649533e-01,4.610578731039450817e-01,8.982919433198294223e-01,2.556998514622121355e-01
5.071869969316115251e-02,9.386578055680611099e-02,4.949759976572091769e-01,6.445235780681630722e-01,1.520620505098278230e-01,5.497366770248038881e-01,5.543415141715462013e-01,5.397174320185511576e-01,4.768810234622006261e-01,2.292226457947516838e-01,2.138343862009025043e-01,3.572654366983899488e-01,5.471045723088041601e-01,2.625001247291867679e-01,3.186932427675415735e-01,1.695546517910527240e-01,3.165576925897434779e-01,1.134179845857112984e-01,2.915825656029607527e-01,3.840254609550182718e-01,2.129265791602713287e-01,4.954029615868240644e-01,7.725158509064540546e-02,1.524071229377171321e-01,1.807192930508370043e-01,3.579603997256080583e-01,4.383413318647138013e-01,4.952853196866775498e-01,2.440977519477427471e-01,2.467080812632342635e-01,1.728385121215408327e-01,3.945797541345567178e-02,7.085102966795184809e-01,3.213170626459833645e-01,2.039591511366673493e-01,4.334572804705959514e-01,4.974496121792083003e-01,5.602049954302279478e-01,2.686015899407905375e-02,1.616844299480320046e-01,1.163628820433388056e-01,5.351290009474314602e-02,2.769399936147228236e-01,1.753140911448293204e-01,1.995255539012187260e-02,1.168585556832049815e-01,5.992019531513066433e-01,2.427157773697086740e-01,2.778325959352006547e-01,1.925797577935274563e-02,1.412006935327762835e-01,6.845580597602620720e-01,3.876858153345454361e-01,1.892315313205594207e-01,8.233244314715800760e-01,3.278674537114830145e-01,1.964207399707596224e-01,3.785987618237024455e-01,4.419939361363259267e-01,1.628355041475591514e-01
2.708448557020473046e-01,2.621884563624264364e-01,8.796786502038270728e-01,9.463338207434762728e-01,5.010229602190110487e-01,6.883095692603852234e-01,6.705573677496579066e-01,8.074914689185683780e-01,8.042073097050317365e-01,5.348295381479883925e-01,4.550000492415082753e-01,4.781914572325147161e-01,7.420751880832412439e-01,4.058039185858902664e-01,7.426543352050618552e-01,5.500470602696093669e-01,4.527702921177703121e-01,3.720289492061615855e-01,4.165422698023909520e-01,5.804197236453733089e-01,4.278619700883615762e-01,5.795142980647292053e-01,3.730058219942277153e-01,4.769079888560964209e-01,3.963173295621856829e-01,4.591539411696748396e-01,8.253083016519889847e-01,7.473362449568995425e-01,4.401322436710577435e-01,7.379489270327277417e-01,3.851759789227017783e-01,2.916010218417414146e-01,9.683077479758869233e-01,3.977835684678672212e-01,5.527227162793066917e-01,4.994523633989086941e-01,5.921863827252783485e-01,7.478719430801405998e-01,1.718470627911606874e-01,5.013983366806542552e-01,3.416882786762959201e-01,3.570319315958548900e-01,6.594939579387676387e-01,5.788308431306443680e-01,1.293770960837364037e-01,6.173320795087118285e-01,9.492202604162642832e-01,5.240749309645484910e-01,5.430494735200537271e-01,1.449510187515543058e-01,3.743656409412343122e-01,9.113351458245748660e-01,7.717694892657309680e-01,6.003807073469521471e-01,9.403066143812659483e-01,5.414241248577015275e-01,2.828994735718392550e-01,4.637803447513560995e-01,9.051838492483419429e-01,2.592086751538567602e-01
3.738995648873464361e-01,3.245857240608838734e-01,9.228311422508166384e-01,9.685325662243062794e-01,6.048952922299931645e-01,7.185625197275523623e-01,6.966296354087935239e-01,8.514346625662376766e-01,8.558710506320302835e-01,6.155416786715167676e-01,5.235141641326718220e-01,5.087829938266789087e-01,7.806194828000454500e-01,4.447849211260609392e-01,8.183742396392946761e-01,6.545474516367133511e-01,4.881465536247538428e-01,4.630188252147163230e-01,4.496391771777101254e-01,6.270671001802344824e-01,4.896017732550053680e-01,5.996078642431101891e-01,4.902088135857055051e-01,5.756858774847815052e-01,4.616335021616717604e-01,4.848078501941944785e-01,8.801289318113010296e-01,7.948843178793979503e-01,4.943098286293773902e-01,8.266673005305200661e-01,4.504707634021631879e-01,4.198747507644036148e-01,9.826952355799882799e-01,4.174710758797948174e-01,6.449594814797752207e-01,5.157045334405153669e-01,6.146374103992732207e-01,7.848710713019593221e-01,2.537668018451667562e-01,6.010769736020381560e-01,4.206928485222685143e-01,4.927874031903595742e-01,7.422901058966894228e-01,6.846010016293033740e-01,1.947028679556022379e-01,7.484940289912830336e-01,9.719872057208245320e-01,5.983502912873626123e-01,6.103546709185209140e-01,2.232338285883158358e-01,4.508573078636123888e-01,9.376654939146070733e-01,8.359746397562908271e-01,7.032895173353226337e-01,9.550074408100324153e-01,5.944812242806243319e-01,3.072712017908179605e-01,4.851695951326374656e-01,9.461267290487969106e-01,2.877575222452775638e-01
2.278095072820398304e-01,2.348577582414368981e-01,8.520339095055718959e-01,9.308324791709197132e-01,4.500245001482921503e-01,6.730074026982190150e-01,6.575050524468641910e-01,7.828509302005354220e-01,7.745093043825891366e-01,4.947209953048674613e-01,4.222042978705536909e-01,4.633930588322121014e-01,7.218543718741642357e-01,3.872788720995417044e-01,6.992279971224462098e-01,4.970581872008546509e-01,4.357541681416910451e-01,3.305649223630572897e-01,4.007320311864087659e-01,5.571999313364579542e-01,3.985800488210771708e-01,5.696646854086593326e-01,3.203152493572468673e-01,4.291520842832181049e-01,3.657684795311420545e-01,4.467758491830346457e-01,7.922927288115876321e-01,7.217925426934600486e-01,4.142719765624905959e-01,6.856166356518732519e-01,3.547807863244931137e-01,2.384065361576052089e-01,9.576588258718398139e-01,3.883449213934035971e-01,5.061849106761314721e-01,4.915651023398548980e-01,5.811464895684309573e-01,7.284681363581387847e-01,1.403643059985004715e-01,4.524930638910434344e-01,3.060324453670353884e-01,2.974021910969029681e-01,6.150240915740327052e-01,5.240386156817866681e-01,1.050205904253605910e-01,5.451575888788864344e-01,9.326438260851637185e-01,4.874367022797109761e-01,5.096547288930682873e-01,1.159994266079168723e-01,3.391656893968458264e-01,8.952257534745037271e-01,7.348318813600887012e-01,5.463217286020476404e-01,9.316477347084637373e-01,5.152597971351868811e-01,2.715054535206703479e-01,4.534452381911641683e-01,8.765813896255059134e-01,2.460390740172579693e-01
6.833451733302655651e-01,5.209712345104946518e-01,9.783913457109995049e-01,9.928534134840980574e-01,8.273844915569827929e-01,7.908369486536181991e-01,7.608938965003274602e-01,9.302387521858831443e-01,9.415172538895698606e-01,7.968281457409063240e-01,6.978645689629066062e-01,5.905842609258651343e-01,8.634487686524131567e-01,5.523069279639098994e-01,9.376682457543606963e-01,8.611413096484207275e-01,5.834499017389018771e-01,7.041891635482736556e-01,5.405977917673332467e-01,7.403320293563344645e-01,6.529582372151202518e-01,6.521592835767974217e-01,7.790321734137469756e-01,7.990974413134005472e-01,6.384931181596885663e-01,5.542348974326918309e-01,9.603284640129138294e-01,8.894969200193795222e-01,6.380041360642432213e-01,9.520152859301015402e-01,6.291808662529737584e-01,7.691697019700954874e-01,9.967193127966683663e-01,4.718979922831927909e-01,8.374534864550565727e-01,5.594151134341730502e-01,6.727703063529864025e-01,8.646343811266798962e-01,5.641232542350210766e-01,8.181753903651746151e-01,6.430849203353988797e-01,8.152909213800324517e-01,8.939467447854141380e-01,8.820056422603155255e-01,4.743320298656330536e-01,9.397691879798596437e-01,9.946231367287846625e-01,7.714147984937657077e-01,7.678227653503710837e-01,5.451927186105736123e-01,6.589626433727516774e-01,9.768263316250436201e-01,9.392653355887043976e-01,8.905822922955097809e-01,9.794103506696096861e-01,7.247518852848872095e-01,3.785387791476434449e-01,5.430911429026334947e-01,9.891746910403999005e-01,3.734930652901647941e-01
1.865596626082999254e-02,5.096842054116811072e-02,2.514358237178340727e-01,3.504217269487482911e-01,6.682519732542746560e-02,4.709811379682342647e-01,4.889472657542434653e-01,3.728445669714491872e-01,2.901302657295724008e-01,1.263823473077043402e-01,1.301525842710097858e-01,2.986599190759648415e-01,4.320526837228381711e-01,2.009612359503350487e-01,1.506566019451101857e-01,7.293162750650035442e-02,2.537322087435256446e-01,5.349843555333860801e-02,2.348370587403993681e-01,2.896218789929649318e-01,1.359630510082549537e-01,4.503802620421272773e-01,2.860105633081282822e-02,7.037295936421976428e-02,1.098086257740378130e-01,3.082520015861885954e-01,2.301494560168715897e-01,3.527838050000017267e-01,1.673562122499720750e-01,9.424738753322985108e-02,1.042584489927297908e-01,1.188615474695412996e-02,3.867959661588503684e-01,2.839009386730237394e-01,9.973134210934619936e-02,3.990840553693724702e-01,4.465997024814142291e-01,4.480695327705002673e-01,9.332142550554168095e-03,7.407180421878743759e-02,5.962269115561043276e-02,1.645881784621646554e-02,1.390272924381291408e-01,7.289525210583062964e-02,7.008900355502419369e-03,3.372538623935216612e-02,2.800957595111714937e-01,1.423906246061066028e-01,1.741802201438760467e-01,6.186791539163383723e-03,7.629575958554235537e-02,4.865017973606913793e-01,2.058909357558008080e-01,7.963475317836235523e-02,7.088859998471422896e-01,2.334564040002783114e-01,1.592370207625037060e-01,3.357674279221282698e-01,1.737001203905397251e-01,1.245314525281754209e-01
2.610398014937319044e-01,2.560583256098409310e-01,8.740591451874378803e-01,9.432612385909645569e-01,4.898684694628411829e-01,6.850065583389439716e-01,6.677330066053038804e-01,8.023067412848750024e-01,7.979942790228964355e-01,5.261049109928968015e-01,4.478059365068675080e-01,4.749607393960067481e-01,7.377491467574891493e-01,4.017399208920557907e-01,7.335432645829064180e-01,5.385485387090778175e-01,4.490493708849190302e-01,3.628008455049774317e-01,4.130792355989035269e-01,5.753836178795981304e-01,4.214267281065928739e-01,5.773718597800638896e-01,3.612043546998294774e-01,4.664286852552355089e-01,3.895780409578479264e-01,4.564502633150106514e-01,8.184809810246160833e-01,7.419014101402662265e-01,4.344609828812361907e-01,7.270287112292463938e-01,3.784625202466000982e-01,2.794237644122651298e-01,9.662324769708624528e-01,3.957188690248568674e-01,5.426260889159000289e-01,4.977325169113056003e-01,5.897868268069571540e-01,7.437206591076026552e-01,1.645370793941067777e-01,4.907050815592833848e-01,3.337418935609929305e-01,3.435642806553876327e-01,6.500037213342420017e-01,5.670014377661973803e-01,1.236869262123014152e-01,6.019168381620467745e-01,9.459718892616530983e-01,5.160949982066310726e-01,5.357907969022276395e-01,1.381664127175844803e-01,3.665613616997085988e-01,9.080253310619391671e-01,7.640349364883901595e-01,5.887537114031576868e-01,9.385108861552499127e-01,5.357338505826015895e-01,2.803906377458700305e-01,4.615239793358712483e-01,8.995030213499923821e-01,2.562985748003678843e-01
4.866665622576061279e-01,3.919879881223620743e-01,9.507532595371059880e-01,9.814583085878344493e-01,6.977251680049398885e-01,7.462277501250543787e-01,7.208500080887295658e-01,8.859168549910289014e-01,8.947503507018302882e-01,6.884699590781273582e-01,5.893865859890453640e-01,5.384990901974993083e-01,8.139859670840501327e-01,4.833965982518934057e-01,8.742501050767574888e-01,7.437690030779834371e-01,5.226985724783882459e-01,5.540728450854772724e-01,4.822916285021194849e-01,6.703168224129392172e-01,5.500206093493741344e-01,6.188505528312641113e-01,6.054489058274934443e-01,6.664179216992381916e-01,5.265220008062437840e-01,5.098571457038422183e-01,9.185518578369656906e-01,8.344635254161933968e-01,5.471848052155232622e-01,8.884513300931875524e-01,5.157300415574217478e-01,5.562664873064382398e-01,9.904598160591697731e-01,4.368911074168429498e-01,7.255134481877374419e-01,5.314925247353708970e-01,6.360328442099647539e-01,8.169411327840476744e-01,3.548468708173487252e-01,6.907336910026362631e-01,5.017449265625330002e-01,6.261355071312495468e-01,8.091052508022588130e-01,7.720378109473354789e-01,2.796994752439612153e-01,8.437834301544927529e-01,9.844611902421633864e-01,6.665834339324921975e-01,6.720847951626346406e-01,3.245088028065301056e-01,5.276462050022241446e-01,9.561261509831983085e-01,8.836958191577105604e-01,7.869829350712609362e-01,9.659578312793860588e-01,6.441001818792635447e-01,3.320757782498531818e-01,5.060424457272441057e-01,9.695001778053042862e-01,3.172708352302706647e-01
2.903151475696257311e-01,2.742258189273120150e-01,8.898667652514589133e-01,9.518002986981282110e-01,5.224367769563035280e-01,6.946005879199429467e-01,6.759480415293539490e-01,8.171586356753631764e-01,8.157335850322710025e-01,5.515241779244105524e-01,4.688692062360027557e-01,4.844021059889171976e-01,7.502532846510006070e-01,4.136461588474470985e-01,7.595751897565835575e-01,5.719746171974272597e-01,4.599321396272547657e-01,3.900140735004796189e-01,4.232171582043553482e-01,5.900457037247387460e-01,4.402900867777745364e-01,5.836211670350247571e-01,3.960936889984904008e-01,4.970864575131392904e-01,4.093715985087972853e-01,4.643539467519925967e-01,8.378520172597531124e-01,7.575613079654852644e-01,4.510686610972038935e-01,7.581192789135551280e-01,3.981930107885484627e-01,3.158425841105005905e-01,9.719532200129279431e-01,4.017597347031304778e-01,5.719885784694556108e-01,5.027559507757153323e-01,5.967831962075051955e-01,7.557200405673200061e-01,1.866062786218451452e-01,5.219265894062306010e-01,3.572012276369134764e-01,3.835299727020039517e-01,6.773644472931286131e-01,6.012907386301936663e-01,1.409323005184497102e-01,6.462681008571667940e-01,9.549478082766537090e-01,5.393653668567836013e-01,5.569386358034350559e-01,1.587576350033568784e-01,3.895383077784506098e-01,9.173924985449137814e-01,7.861201454516241194e-01,6.223902923427765410e-01,9.436189262242149489e-01,5.523228468917857903e-01,2.877565209542456426e-01,4.681185931643134235e-01,9.152942622027122610e-01,2.648585027522983304e-01
3.321029419372396041e-01,2.995969916710922720e-01,9.081817269503809076e-01,9.612816589595198913e-01,5.654193036641620429e-01,7.071046070177791076e-01,6.867093362112959287e-01,8.355522285655528902e-01,8.374282252870385301e-01,5.849028314305351195e-01,4.970477322100658735e-01,4.969772424203505734e-01,7.662590618699421929e-01,4.296394674609649855e-01,7.914176157947514501e-01,6.153927078476807422e-01,4.744661814238333997e-01,4.272740717869366045e-01,4.368021758376465224e-01,6.092999785076425034e-01,4.656427786983836081e-01,5.918922690620037619e-01,4.441338259985206371e-01,5.378623604772143629e-01,4.361526101488440443e-01,4.748946530536513055e-01,8.609931383939525285e-01,7.773695826688534760e-01,4.733241414040029738e-01,7.955889866774822350e-01,4.249496240120941293e-01,3.679584708512846358e-01,9.781231736018883849e-01,4.098415333406783545e-01,6.102422596985175307e-01,5.094371435755666866e-01,6.060287213587758348e-01,7.710826333937912391e-01,2.193982279656735979e-01,5.631529224106951448e-01,3.894826485336678190e-01,4.391398980631813775e-01,7.119370746661527471e-01,6.453580833214660473e-01,1.669357145101249273e-01,7.014837687195073501e-01,9.647047569060201999e-01,5.700391388187504571e-01,5.847405593861095818e-01,1.899183809262319222e-01,4.208625991538490485e-01,9.285063528963681811e-01,8.131060236530323060e-01,6.653260471103058515e-01,9.497970199643532840e-01,5.742044314679015660e-01,2.977311644213453401e-01,4.769077206570069838e-01,9.328054334081486987e-01,2.765245718790433349e-01
1.309687236525224341e-01,1.668538041207782430e-01,7.416479397809868646e-01,8.595509130124399100e-01,3.106058033189762480e-01,6.263367472155784155e-01,6.181255012497446355e-01,6.986416616754406173e-01,6.709524670811974900e-01,3.800019859285739821e-01,3.313215752166247530e-01,4.207052738622814037e-01,6.577017341416682150e-01,3.352561616429886593e-01,5.531267211254343730e-01,3.471237800940604745e-01,3.871333117815409230e-01,2.250305949208484813e-01,3.559034959674745036e-01,4.884333423109727956e-01,3.178640014526374902e-01,5.406586054664175300e-01,1.928494532945107254e-01,2.999228098063365655e-01,2.832865850308161071e-01,4.111142322309822017e-01,6.715178037266317235e-01,6.390352793108334817e-01,3.419686468170784477e-01,5.085970621126566504e-01,2.732009524622250884e-01,1.234920260210754378e-01,9.039474962144802284e-01,3.613216191927121623e-01,3.727839543222928320e-01,4.686072236879441077e-01,5.485306503970643899e-01,6.668672648278904935e-01,7.508629611031027162e-02,3.180751451518903927e-01,2.152029234435366978e-01,1.609632319649686449e-01,4.767804691719020882e-01,3.657955027358048006e-01,5.566066790207729875e-02,3.351136767399650607e-01,8.523326550844345650e-01,3.827714043813253975e-01,4.128802452570160542e-01,5.854750342816449765e-02,2.470321092298756738e-01,8.329284727331462967e-01,6.080020329459772110e-01,3.871747205902714706e-01,8.993822163583246043e-01,4.390212397693198931e-01,2.399746952027626279e-01,4.235717069970691973e-01,7.499146556339989500e-01,2.102771001055880606e-01
5.625678892416169363e-01,4.390273352274229879e-01,9.636110239426555202e-01,9.869617606329418313e-01,7.516412886316190534e-01,7.634682024572061465e-01,7.361646784250466258e-01,9.046622778285904332e-01,9.150517701849361085e-01,7.321640057392765355e-01,6.312988257598055597e-01,5.579695507748263505e-01,8.337708254417711684e-01,5.090099980189365381e-01,9.024914826003581636e-01,7.936534339457989029e-01,5.453974216648483919e-01,6.125830460414651846e-01,5.039358353153037262e-01,6.974011797478973929e-01,5.891988117596342889e-01,6.313492898193128200e-01,6.762515730212551590e-01,7.205767864847182347e-01,5.689827986596368570e-01,5.263649778855018502e-01,9.373796258244960766e-01,8.570625694519095061e-01,5.815693062286528825e-01,9.178415492624930616e-01,5.586321624962305998e-01,6.430092679550151180e-01,9.935725528440068066e-01,4.498147854767344245e-01,7.719597684516619207e-01,5.418767209374000249e-01,6.498660177725800180e-01,8.359901834641417784e-01,4.303155733941292915e-01,7.433092868203350356e-01,5.554384153093335774e-01,7.057730501040091475e-01,8.454147692449175411e-01,8.195589597770507329e-01,3.467494679618282616e-01,8.889361617298767726e-01,9.895017291346666077e-01,7.082428853014366421e-01,7.099201817277096538e-01,4.027220176143243013e-01,5.778243174738646459e-01,9.653150477964578258e-01,9.081600211692562041e-01,8.319709829157609926e-01,9.717238781852235441e-01,6.752900771953300740e-01,3.489784141378298732e-01,5.198069887273161216e-01,9.791742788311968981e-01,3.376015971071907318e-01
9.006380484890701421e-01,7.303263123129827283e-01,9.950335908951047914e-01,9.986650766825336811e-01,9.449111242327807858e-01,8.542821371891493598e-01,8.208446466231642535e-01,9.716318799341654433e-01,9.800210816633621036e-01,9.143085705737734603e-01,8.411992986312361031e-01,6.762113018678018728e-01,9.231910064663491067e-01,6.664815770903984582e-01,9.830041631160774118e-01,9.588833979556883325e-01,6.827275968356523173e-01,8.809820498102837183e-01,6.388447327101655082e-01,8.372035380874301991e-01,7.997317968290263979e-01,7.067330851310754669e-01,9.376943762961973405e-01,9.297061018072145799e-01,7.983544940458673356e-01,6.292501686593251486e-01,9.892210846715109307e-01,9.479550398464388072e-01,7.729792598828016947e-01,9.898505015724409217e-01,7.927138163624253275e-01,9.483062959016325122e-01,9.994947226028105813e-01,5.334365538890158964e-01,9.428869678376852193e-01,6.071484725822832162e-01,7.319160106302851077e-01,9.227243741234121277e-01,8.520728815117114552e-01,9.385565913150907269e-01,8.325619372032324605e-01,9.599063266493583768e-01,9.654851809400925022e-01,9.674826192256918977e-01,7.971255917633397470e-01,9.900315877101250051e-01,9.991671351679959345e-01,8.937651256150085377e-01,8.839945064312045853e-01,8.552871707616022112e-01,8.340736584772266982e-01,9.925522231990621114e-01,9.816312925737449291e-01,9.699637719449961670e-01,9.915373325794514248e-01,8.351212523228632723e-01,4.646926829886729449e-01,6.063767618614153143e-01,9.982690396007476430e-01,4.793453989062889664e-01
2.638987007752433347e-02,6.304828803777888513e-02,3.266533130078098091e-01,4.499061857406263520e-01,8.936734342525234909e-02,4.980514949351292353e-01,5.114665296772874514e-01,4.287716514809329915e-01,3.499248352060661538e-01,1.563084906417633035e-01,1.551913407364945152e-01,3.181631873382794740e-01,4.713493458482521659e-01,2.207876228008635033e-01,1.983576871913411421e-01,9.840149094893406445e-02,2.743478321133728248e-01,6.960837804464152512e-02,2.534210452732357788e-01,3.205115031839486095e-01,1.593297261721516034e-01,4.657815339838639046e-01,4.044349714767173087e-02,9.245731764210823878e-02,1.308825204992006830e-01,3.248912447262270464e-01,2.935785633842241671e-01,4.001143702237028865e-01,1.912791929899514687e-01,1.336296219269892671e-01,1.245627636313287878e-01,1.800704306235258872e-02,5.005673995811539267e-01,2.964475214390434044e-01,1.287137457731597212e-01,4.107899220628344339e-01,4.639836408462019168e-01,4.865438851185600599e-01,1.344145709146986507e-02,9.764483896706369070e-02,7.534535328565447609e-02,2.478623470751210173e-02,1.784474260159323866e-01,9.960592870556912726e-02,1.005174692169066679e-02,5.226652308867785202e-02,3.818061524247146066e-01,1.722462506764994294e-01,2.058771005708928958e-01,9.150163911214400161e-03,9.470845306837438748e-02,5.573725658224768509e-01,2.604971252195425468e-01,1.084491517263204141e-01,7.526483297013212281e-01,2.636283637021081261e-01,1.713136334409272876e-01,3.502094402391259242e-01,2.489445855739465807e-01,1.367226379105659084e-01
8.261605159290015266e-01,6.424035761201626338e-01,9.903486020892158237e-01,9.971571154795967340e-01,9.062380531193858779e-01,8.279626345092168105e-01,7.954496475117110998e-01,9.572745391224406486e-01,9.674423317260525401e-01,8.718190559902323500e-01,7.847805059748191869e-01,6.387482185485588992e-01,9.000293275933516357e-01,6.166415960277655817e-01,9.692833140706700323e-01,9.278039538074805970e-01,6.394906515513948397e-01,8.162847252558068645e-01,5.955533095873077887e-01,7.977323312826474222e-01,7.400144392884158151e-01,6.827919917289508867e-01,8.867947106854802142e-01,8.850976254931020026e-01,7.335822347611855587e-01,5.960393401435098992e-01,9.805400771229774159e-01,9.265466544848792729e-01,7.168621849105308863e-01,9.794411213761600177e-01,7.262629887589712174e-01,8.949127538636609813e-01,9.988269937183915648e-01,5.057640342639165842e-01,9.072066875768587391e-01,5.858684845199840785e-01,7.061507943065955528e-01,9.001130410715681984e-01,7.463480014115466687e-01,8.981062583612332562e-01,7.589973135823465666e-01,9.179561547311115843e-01,9.422183580757648169e-01,9.411130322499626777e-01,6.696345610874665510e-01,9.773703496138212987e-01,9.980707445528245181e-01,8.479762222672295735e-01,8.395998626371653506e-01,7.424804032005568599e-01,7.657781271492035691e-01,9.875621198758601782e-01,9.683450543119224152e-01,9.455672544522808476e-01,9.873583437404179763e-01,7.905154330305340649e-01,4.253469755199543179e-01,5.782127831865027101e-01,9.960436179154769087e-01,4.308972661979204588e-01
6.507140820828652417e-02,1.091724489302114687e-01,5.631439401652733601e-01,7.120282415822272171e-01,1.848825921290480068e-01,5.696494224783931193e-01,5.708661781357602383e-01,5.824932814394437885e-01,5.281545580092621428e-01,2.634131939741344852e-01,2.406657735891053751e-01,3.730687407139508527e-01,5.762306483714662031e-01,2.800633801954435231e-01,3.748066559687873722e-01,2.067320505515800877e-01,3.339167645505208282e-01,1.361932889227079613e-01,3.073347483121294799e-01,4.100368602453296485e-01,2.370870266085097766e-01,5.069652486773074118e-01,9.859976929198056850e-02,1.832525057549565239e-01,2.037932114353632473e-01,3.712429718011381885e-01,4.994126484781230002e-01,5.328517802948936621e-01,2.671726728154773522e-01,3.051607658824546099e-01,1.953035431510684594e-01,5.325267930844287262e-02,7.744041336855971291e-01,3.312995808029484124e-01,2.410064783058936955e-01,4.423711461983634297e-01,5.105124568687033904e-01,5.883782913679767024e-01,3.506722995091297174e-02,1.945739199307770784e-01,1.370160540517469383e-01,7.167134192296792383e-02,3.232935712818635343e-01,2.151921154557967786e-01,2.600347345451606632e-02,1.568970353162201792e-01,6.784384820141617922e-01,2.749721726140455513e-01,3.097187266604568556e-01,2.566997462270414684e-02,1.639411972636343751e-01,7.284719569769506631e-01,4.431016932549731169e-01,2.312819206336046707e-01,8.462027247665264706e-01,3.549598273284386707e-01,2.069286934201806927e-01,3.899026545296420676e-01,5.265703034856024090e-01,1.740479358816303113e-01
2.790925212752122797e-01,2.673080725108505362e-01,8.841433892262600125e-01,9.487460130992634300e-01,5.102101464727047953e-01,6.910158221923128341e-01,6.728744649636705377e-01,8.116836172812152972e-01,8.092152887202440636e-01,5.419998921007387338e-01,4.609397973286386008e-01,4.808538395792537057e-01,7.456032025933272411e-01,4.091609988935677178e-01,7.500041140226195724e-01,5.594784365196594500e-01,4.558390383317229011e-01,3.797007737573885322e-01,4.194008328530660634e-01,5.845552463906145135e-01,4.331808876566563549e-01,5.812766864945577705e-01,3.828417921969607396e-01,4.855550336833718839e-01,4.018980260787343717e-01,4.613826556112419763e-01,8.307783177566465671e-01,7.517554038027040031e-01,4.448152441118105593e-01,7.467290148792554705e-01,3.907386998486205298e-01,3.018617365794485918e-01,9.699239091044118410e-01,3.994869101635763475e-01,5.610067021857051417e-01,5.008689364277466582e-01,5.941595001470982851e-01,7.512575230383102820e-01,1.780593770246089724e-01,5.102053692661731032e-01,3.483010315739836216e-01,3.682980140654354972e-01,6.672160915725907637e-01,5.885073085282365168e-01,1.342298681173103025e-01,6.298554902274893230e-01,9.517560984948509883e-01,5.306386088085174313e-01,5.490145624781413991e-01,1.507450368691395093e-01,3.808433266106038273e-01,9.139801395197409972e-01,7.780047198771916639e-01,6.098737289295060870e-01,9.417486706953703823e-01,5.461029174045058943e-01,2.849760667590059970e-01,4.656399317142138616e-01,9.096452063532401988e-01,2.616216694467814463e-01
3.819955945725795332e-01,3.294034502512623863e-01,9.253345543868294332e-01,9.697407757817410046e-01,6.121829337586933706e-01,7.206860312368424948e-01,6.984748483189087143e-01,8.542752707691291247e-01,8.591376030198633051e-01,6.212089257563974121e-01,5.284799039520073904e-01,5.110019054769598945e-01,7.832473829593376013e-01,4.476448014100478101e-01,8.231281813690982663e-01,6.616984274973753966e-01,4.907212158921530065e-01,4.697933416362545245e-01,4.520607113529619969e-01,6.303711339601976160e-01,4.941150061677463401e-01,6.010531019115995521e-01,4.989139571848393850e-01,5.827126778997626655e-01,4.664507837785948907e-01,4.866732097825956505e-01,8.834619218104259319e-01,7.980605992680904759e-01,4.982598439590633643e-01,8.320743735267409624e-01,4.553024734510171534e-01,4.298757450747366371e-01,9.834433517970547767e-01,4.189100517996111051e-01,6.513318482250589625e-01,5.168823778576012717e-01,6.162481333828978558e-01,7.873950142619270398e-01,2.606108309859271333e-01,6.080878490312092710e-01,4.266403915865538132e-01,5.029300963964586924e-01,7.477577525194127883e-01,6.917138937930075171e-01,2.002976982872577139e-01,7.567620984061267375e-01,9.731831542067593821e-01,6.036065442126219427e-01,6.151076680177837153e-01,2.299423671453304785e-01,4.565436082969934195e-01,9.392605026597788953e-01,8.400138687642109137e-01,7.101435296531034558e-01,9.559277616480725825e-01,5.982599363688542171e-01,3.090837261575038464e-01,4.867239584301326083e-01,9.483361389302740196e-01,2.898995622802263972e-01
9.220455628956329697e-02,1.348269567790624790e-01,6.560256992232974538e-01,7.939113243900798311e-01,2.408857743282776798e-01,5.977114088533486136e-01,5.942066271928096999e-01,6.414049527555251151e-01,6.001686918539904658e-01,3.176235925741577315e-01,2.828379588224955166e-01,3.961295650359996645e-01,6.169154562386991447e-01,3.063756081377254081e-01,4.608393061816736802e-01,2.697505565813033690e-01,3.595227999087348691e-01,1.753034845093086325e-01,3.306474093061115282e-01,4.480733558964491992e-01,2.747774834368483243e-01,5.234766237107408848e-01,1.381619413513216488e-01,2.354084371944938359e-01,2.404603529616979596e-01,3.905678505588862648e-01,5.862878682353844795e-01,5.858077865230294501e-01,3.024653009937350867e-01,4.004855883445657128e-01,2.311409373119287514e-01,8.100650952509087788e-02,8.489986193480035803e-01,3.458346366210409140e-01,3.014355849119226272e-01,4.551761341659749660e-01,5.291554387661440151e-01,6.276238430097910159e-01,5.109758430109553884e-02,2.499892290319541965e-01,1.717967534163332144e-01,1.075539422124748012e-01,3.958579504370051683e-01,2.829048609077151055e-01,3.784378313882983541e-02,2.325379101644245439e-01,7.753879383966282290e-01,3.254234065356096939e-01,3.585680652880685049e-01,3.855909020931821279e-02,2.014298345049392036e-01,7.841543306039155947e-01,5.244784016953679684e-01,3.019304080556128311e-01,8.746302410190074372e-01,3.953189418378908471e-01,2.226604595708724932e-01,4.062654150828508004e-01,6.437334368340281721e-01,1.911204059841704050e-01
3.122101982626114824e-01,2.875849266677988902e-01,8.999983925384572592e-01,9.571010794007106526e-01,5.454343025144254842e-01,7.013041036964507979e-01,6.817092484609463821e-01,8.271563909135524195e-01,8.275667315005464930e-01,5.693967763759062439e-01,4.838786414361000432e-01,4.911047858962849788e-01,7.588762689722560184e-01,4.221521790550125108e-01,7.769514465294844463e-01,5.953053664424923230e-01,4.676737103738338730e-01,4.097480446088112016e-01,4.304465833732525337e-01,6.003490486529776682e-01,4.537760412278534217e-01,5.880368752145813671e-01,4.215174701143852287e-01,5.188548824444251251e-01,4.235928974591082752e-01,4.699701048691911631e-01,8.505537770366790040e-01,7.682681059131215573e-01,4.629149846653253242e-01,7.786551594241203356e-01,4.123927299289771309e-01,3.431516209319304678e-01,9.754277958982959795e-01,4.060620008469298936e-01,5.925207031619825759e-01,5.063181386191207833e-01,6.017212299132793651e-01,7.639959470049271228e-01,2.035958644906776804e-01,5.439787933530998432e-01,3.742710268103184856e-01,4.128960815106075821e-01,6.960698055428308217e-01,6.250394720518964720e-01,1.543467400256381961e-01,6.763092617362639336e-01,9.604325232909947108e-01,5.557705602597680095e-01,5.718164549716732159e-01,1.748215486977506838e-01,4.061422429577826732e-01,9.235004912338885541e-01,8.008464955746649183e-01,6.455697073778776662e-01,9.469967319989718302e-01,5.640192523343015019e-01,2.930494713616058067e-01,4.728021871171045887e-01,9.250920044793994323e-01,2.710386351346353306e-01
1.153350249809683981e-01,1.544343997221032105e-01,7.118406371986293335e-01,8.377422827801827010e-01,2.837256768205393964e-01,6.159124169867675747e-01,6.093989017124079588e-01,6.782107753539640127e-01,6.456495173764298379e-01,3.564922132711561553e-01,3.130184473201809703e-01,4.116250473295441359e-01,6.429520181134621426e-01,3.244884803053439959e-01,5.193143138475119214e-01,3.174568286767647796e-01,3.768957296252692379e-01,2.056802593444807814e-01,3.465234292648241010e-01,4.735619601474786999e-01,3.016165588301128464e-01,5.343560676915702912e-01,1.710529847051026342e-01,2.750764876575041984e-01,2.670299569270740969e-01,4.035265938784743378e-01,6.411730327269771212e-01,6.198014631684163334e-01,3.271638413600349016e-01,4.684317647581580091e-01,2.572102067213273280e-01,1.060211767954122170e-01,8.862159166758886153e-01,3.555970879884587932e-01,3.457201000394933832e-01,4.636671518827431560e-01,5.414273496987525025e-01,6.526851206320749554e-01,6.526197646489192983e-02,2.919212765935689236e-01,1.983929858607539343e-01,1.392118087516854008e-01,4.466794808533414152e-01,3.340748790034098192e-01,4.834686792321948867e-02,2.948215885043157791e-01,8.269543122563323134e-01,3.612228152374423740e-01,3.926038646181432279e-01,5.027234550670705432e-02,2.295119597303438841e-01,8.161187183993344751e-01,5.777845602847891948e-01,3.547110405883862061e-01,8.908386467487280358e-01,4.228195810811823385e-01,2.335092483648465167e-01,4.171902623051483294e-01,7.134259714711148614e-01,2.030808146271939341e-01
2.604748430677685800e-01,2.557035644265064911e-01,8.737244221259048427e-01,9.430769455572490800e-01,4.892178356383578008e-01,6.848132524586955094e-01,6.675678364657982033e-01,8.020009999409238866e-01,7.976272564927601172e-01,5.255953054889213050e-01,4.473868215407821869e-01,4.747722968800032750e-01,7.374952938753192022e-01,4.015032070697934774e-01,7.330053599367459816e-01,5.378762388891846769e-01,4.488324359762749793e-01,3.622654408090817402e-01,4.128774376611375474e-01,5.750892788093364683e-01,4.210520479752897227e-01,5.772467629371345055e-01,3.605207560935483890e-01,4.658180669201990587e-01,3.891860917599436198e-01,4.562925878804556246e-01,8.180762828221754823e-01,7.415819578495917996e-01,4.341305928671507774e-01,7.263828392828848290e-01,3.780722126800061256e-01,2.787229354594201181e-01,9.661074217206693238e-01,3.955985127445869054e-01,5.420358104597791105e-01,4.976321692830376064e-01,5.896466852871279363e-01,7.434770635481363632e-01,1.641183680843714410e-01,4.900813236728454036e-01,3.332810902147126941e-01,3.427859425821501715e-01,6.494462157176533745e-01,5.663087197090241887e-01,1.233616465751526808e-01,6.010107951830053752e-01,9.457764234036676321e-01,5.156290952818499695e-01,5.353667718706228706e-01,1.377789001058636609e-01,3.661081099576095066e-01,9.078288222412916886e-01,7.635780965512647400e-01,5.880720985711522797e-01,9.384045656541240010e-01,5.354015348331508939e-01,2.802446731941358737e-01,4.613923736171265944e-01,8.991623933752926900e-01,2.561294402200686715e-01
2.164854779747245328e-01,2.274529619402176073e-01,8.432641445448453288e-01,9.257149243364832802e-01,4.356588255201311322e-01,6.685838428246716481e-01,6.537465503134259892e-01,7.754377066283471009e-01,7.654988170061060027e-01,4.832997919729357106e-01,4.129849449622859381e-01,4.591934519332763198e-01,7.159266036951641432e-01,3.820649216227288703e-01,6.861364657915570708e-01,4.819425482272525207e-01,4.309387344898967798e-01,3.192018934653119699e-01,3.962699215464532410e-01,5.505432068986210181e-01,3.903705542148148133e-01,5.668519573492466490e-01,3.060593260691801265e-01,4.157642549308112612e-01,3.572592600662275464e-01,4.432655629020209043e-01,7.820982491322505670e-01,7.142419538727831085e-01,4.069937317208252581e-01,6.697329515614449669e-01,3.463312690255449522e-01,2.245513699167471511e-01,9.540502410594452476e-01,3.856744740981308261e-01,4.928895779946681488e-01,4.893217311124187785e-01,5.779901615758684663e-01,7.227795961625776977e-01,1.323364912949803185e-01,4.387044838819097459e-01,2.962758590574676165e-01,2.815224418392018313e-01,6.019739133006711818e-01,5.082843519976867341e-01,9.887077726473132711e-02,5.241294764529921268e-01,9.270778173024217805e-01,4.770204356764424225e-01,5.001248905255226695e-01,1.087341360411497870e-01,3.294484654711847260e-01,8.901913627767008563e-01,7.236513340626360424e-01,5.306809357429014273e-01,9.289790193671960683e-01,5.077942903726718749e-01,2.683169058445159516e-01,4.505117714766807557e-01,8.671861373441657195e-01,2.423757043135985889e-01
8.788904383445341750e-01,7.015971655966624088e-01,9.937545345066708391e-01,9.982678871123649156e-01,9.336771824927306840e-01,8.456167772749264566e-01,8.123882675086377958e-01,9.673129590072623296e-01,9.763455681393071739e-01,9.013523096878310881e-01,8.232566542902933771e-01,6.635332109512666054e-01,9.158302956721645627e-01,6.496682548740901897e-01,9.791427675975117317e-01,9.499850117794851334e-01,6.681443550767534045e-01,8.612829816007975259e-01,6.241491657116665648e-01,8.243596593162078046e-01,7.804026767925603680e-01,6.986072704223248442e-01,9.231895687454538812e-01,9.165227872670249631e-01,7.774673179080890950e-01,6.179324112975673744e-01,9.867815143260626476e-01,9.413469760224127958e-01,7.545779800784701008e-01,9.870469908859897945e-01,7.712608236514160165e-01,9.337051784488500372e-01,9.993246540970553982e-01,5.239207918412055465e-01,9.323573865111819403e-01,5.998611520655126039e-01,7.232057266712655919e-01,9.155228488397414432e-01,8.204814244024248859e-01,9.266853282820024518e-01,8.094756247557906015e-01,9.485159626633388186e-01,9.587262562337345306e-01,9.600319800187148145e-01,7.577661408784979180e-01,9.867645442012918933e-01,9.988876061472002910e-01,8.795580786428791598e-01,8.700579981666428653e-01,8.219306132421342337e-01,8.125452093393976671e-01,9.911109878008379503e-01,9.778265625606986644e-01,9.630776146169698348e-01,9.902811309315894261e-01,8.206856343208480675e-01,4.510670216978096003e-01,5.967466781143849763e-01,9.976984782586980627e-01,4.625691592138866937e-01
7.287376590752870920e-01,5.555648057923887606e-01,9.827036115759667512e-01,9.944638679917753299e-01,8.534338243872493512e-01,8.016948288802210332e-01,7.708677564624467626e-01,9.390228959255264574e-01,9.502070326936314926e-01,8.204410574740963469e-01,7.238885951627035409e-01,6.041668525197922968e-01,8.746005266330422190e-01,5.704310399640847296e-01,9.486545631853063876e-01,8.835990270185097861e-01,5.992849462866431942e-01,7.389407683119602055e-01,5.560040465015316791e-01,7.572615707805031571e-01,6.785085920776123825e-01,6.607990403209667019e-01,8.148059741580951920e-01,8.269330596079985662e-01,6.664185169619806226e-01,5.659372738515319190e-01,9.673918931335395710e-01,9.011656945531090201e-01,6.608793925439793160e-01,9.619749697854043102e-01,6.576268400896120303e-01,8.121381609994128281e-01,9.975331832567405632e-01,4.812815896126531601e-01,8.602220623004394051e-01,5.667952412106007642e-01,6.822280031362796260e-01,8.754263000486262047e-01,6.191138670003473177e-01,8.442993195917095628e-01,6.778068446778461320e-01,8.510461761196869146e-01,9.100941058499807390e-01,9.022423974337449026e-01,5.304069674141866919e-01,9.539084934513322178e-01,9.959524948559532742e-01,7.950658657034646026e-01,7.897572281134622729e-01,6.046233953973391140e-01,6.909576662695483540e-01,9.804871223535642777e-01,9.492054529145937947e-01,9.094587042582626957e-01,9.820092537710020109e-01,7.442174205170662971e-01,3.913404117711390406e-01,5.528941249734177221e-01,9.918064048931979348e-01,3.891396171338165066e-01
2.230480001864625084e-01,2.317568146356146497e-01,8.484355010066970681e-01,9.287441823759393644e-01,4.440360700934363747e-01,6.711706432764259489e-01,6.559436806838245815e-01,7.797882941867366746e-01,7.707905405600264936e-01,4.899678080168923255e-01,4.183615753353209787e-01,4.616451314506995196e-01,7.193973530521914350e-01,3.851063742117775690e-01,6.938189623577963872e-01,4.907670307732909798e-01,4.337491629381435843e-01,3.258122752550742796e-01,3.988735079240312009e-01,5.544327317001633837e-01,3.951572383832374080e-01,5.684949748780513401e-01,3.143411878994654129e-01,4.235682502483379408e-01,3.622176472534263114e-01,4.453147163465094316e-01,7.880945763800120130e-01,7.186660160813004294e-01,4.112390933664163417e-01,6.790581331608224191e-01,3.512539611236836223e-01,2.325716384399859338e-01,9.561915873079499528e-01,3.872330472233471155e-01,5.006533228345443343e-01,4.906316930077532779e-01,5.798340788567792892e-01,7.261103111814170008e-01,1.369759017330913764e-01,4.467461708515236829e-01,3.019513467945655338e-01,2.907327016382055818e-01,6.096134220104429957e-01,5.174880055347433894e-01,1.024219341270226069e-01,5.364239820456139229e-01,9.303776151220762847e-01,4.831011304026483488e-01,5.056902596335621780e-01,1.129267664970264179e-01,3.351057414863033990e-01,8.931564079858664851e-01,7.302154633580627552e-01,5.398236325119069035e-01,9.305488827138105323e-01,5.121543814952908003e-01,2.701759628800508573e-01,4.522243538840560739e-01,8.727438147044389583e-01,2.445103972764495481e-01
4.601758052880427358e-02,8.848308110479002897e-02,4.685367001703941159e-01,6.166011493408406485e-01,1.407203139554950855e-01,5.419930642578987268e-01,5.479196505362992076e-01,5.229887315196711794e-01,4.571328177490524003e-01,2.168726770421623151e-01,2.040647682549474595e-01,3.512369231809099324e-01,5.357477762515066022e-01,2.559044898260807721e-01,2.982391243224045696e-01,1.566825370746631474e-01,3.099790054011007379e-01,1.055439524147409741e-01,2.856226283807748456e-01,3.741374657008003646e-01,2.040825574292919886e-01,4.909343078471773425e-01,7.019788960728579053e-02,1.416786093365951515e-01,1.723630641335563707e-01,3.528827484732912079e-01,4.151269835386859341e-01,4.807553541801626862e-01,2.355485196461335473e-01,2.262409206181023036e-01,1.647200218033223473e-01,3.510273686926865255e-02,6.802085615364338311e-01,3.175011285364993108e-01,1.908236090276082542e-01,4.300228912157408878e-01,4.924002478764832880e-01,5.491995379077454498e-01,2.421622774108150855e-02,1.502307026128008316e-01,1.091328410797740844e-01,4.773141451557035703e-02,2.601628161902427294e-01,1.615413571492949341e-01,1.800349518135070659e-02,1.039263753098771254e-01,5.668453566846045621e-01,2.309588068446140618e-01,2.660631005142384820e-01,1.722514001501882983e-02,1.331434089531187137e-01,6.665938222535044977e-01,3.669411260180773793e-01,1.746298596967216232e-01,8.137912177396128266e-01,3.176832802039058490e-01,1.924685227997143533e-01,3.742637040246762914e-01,4.099222384417484100e-01,1.586600477794271047e-01
4.119776887012382982e-01,3.472305345287775014e-01,9.338245286417727886e-01,9.737684011891559743e-01,6.382558269075395696e-01,7.283285167297930407e-01,7.051339723135425785e-01,8.642315686903333516e-01,8.705027860188743194e-01,6.415405278566308489e-01,5.464918241717466874e-01,5.190705651364807549e-01,7.926155613842034153e-01,4.580776518387018603e-01,8.396003732465167069e-01,6.870810883896433241e-01,5.000916320976976914e-01,4.945162999460167574e-01,4.608891982747124194e-01,6.422874313864969098e-01,5.105379288291541640e-01,6.062962380603107437e-01,5.305519198723905872e-01,6.079764174058778226e-01,4.840234904519952752e-01,4.934626096968536269e-01,8.949165641701770646e-01,8.093058881626150614e-01,5.126291782580423284e-01,8.506137211254833908e-01,4.729458915106858341e-01,4.666878216788102884e-01,9.859062597641997661e-01,4.241568905664374611e-01,6.740505170387547373e-01,5.211659959476176995e-01,6.220866354849502455e-01,7.963948077324931596e-01,2.864985029774411163e-01,6.332026978237768056e-01,4.484462968358579604e-01,5.397497080179672890e-01,7.669932987461489660e-01,7.168194698261610709e-01,2.216636642114020450e-01,7.852609910933667781e-01,9.771291757122737565e-01,6.225211615580402702e-01,6.322099555378345448e-01,2.555260230743280903e-01,4.773166382509059780e-01,9.447467262124930043e-01,8.540323495043170565e-01,7.342700499259464664e-01,9.591268003652554386e-01,6.119066332178519918e-01,3.157275962177346074e-01,4.923810712760212094e-01,9.556717349669956452e-01,2.977718025744126584e-01
5.535387621284320464e-02,9.897949883320966702e-02,5.188919223888226462e-01,6.689381224649060265e-01,1.629445006609634428e-01,5.567123956773132321e-01,5.601281026893302206e-01,5.547561208070029837e-01,4.947874261843144272e-01,2.407986614116980062e-01,2.229501834668546900e-01,3.627513253139238447e-01,5.573236525201916702e-01,2.685525413676942974e-01,3.377970538216038543e-01,1.818957352728968191e-01,3.225653425173191091e-01,1.209678622158697758e-01,2.970297289339555724e-01,3.930426142030684078e-01,2.211546913502328016e-01,4.994409957941440825e-01,8.417706338286075340e-02,1.626650126591042689e-01,1.885376183578788278e-01,3.625756089084313794e-01,4.595529038647792053e-01,5.084205259008051092e-01,2.520005201898496416e-01,2.662408461800852555e-01,1.804427821995707171e-01,4.383471469128166070e-02,7.327680247257175594e-01,3.247853783025579366e-01,2.163952188358882756e-01,4.365657316171067115e-01,5.020121368927455974e-01,5.700979716422950316e-01,2.948882092828684562e-02,1.726296031659415031e-01,1.232492889113929319e-01,5.929894629896228370e-02,2.926589058991535541e-01,1.885380695479149382e-01,2.189030796992656042e-02,1.297214137829371394e-01,6.277181516475429657e-01,2.536823137155996832e-01,2.887373054311578313e-01,2.129570250234434289e-02,1.488269745470318095e-01,7.003292875927329408e-01,4.067875561613283342e-01,2.032131395003903274e-01,8.316041634328407151e-01,3.372105317682357883e-01,2.000439885344634516e-01,3.825322116377681270e-01,4.714002761720962331e-01,1.666836891003845300e-01
5.545933913252119873e-02,9.909380224002799220e-02,5.194132220707793346e-01,6.694614300265255835e-01,1.631888116631037000e-01,5.568643729152711330e-01,5.602541947844194015e-01,5.550832639876684960e-01,4.951784755050989140e-01,2.410556572426567901e-01,2.231521537084210083e-01,3.628714374589319114e-01,5.575461334375194644e-01,2.686855903343767782e-01,3.382201650277606442e-01,1.821726560395435790e-01,3.226970996193305186e-01,1.211373405675823522e-01,2.971492441007567709e-01,3.932402160277238545e-01,2.213367487872153760e-01,4.995291118457682034e-01,8.433429462984157188e-02,1.628949285529383006e-01,1.887110803702436446e-01,3.626766032467639844e-01,4.600176823704679729e-01,5.087070835443582295e-01,2.521748431411576785e-01,2.666778779112536912e-01,1.806115859016397263e-01,4.393520607246635679e-02,7.332828210621397114e-01,3.248612763808782500e-01,2.166726067295374203e-01,4.366336171622433038e-01,5.021116940694977382e-01,5.703132514616390258e-01,2.954887670729345814e-02,1.728748458273703104e-01,1.234033902213487605e-01,5.943151971194304828e-02,2.930076871838130370e-01,1.888349857981866109e-01,2.193458042869077251e-02,1.300150839929024860e-01,6.283313830863467286e-01,2.539252230625209106e-01,2.889780724030217574e-01,2.134244174243415254e-02,1.489971144284859828e-01,7.006683702477028985e-01,4.072077614949317637e-01,2.035266395192797673e-01,8.317813353735501458e-01,3.374158635448275545e-01,2.001236068322601036e-01,3.826182167452949479e-01,4.720449216423956984e-01,1.667684651636608950e-01
2.938445651713314510e-01,2.763908033016505561e-01,8.915884761077849108e-01,9.527106889129212108e-01,5.262187927904228291e-01,6.957061080747820592e-01,6.768969220243066243e-01,8.188290748517601525e-01,8.177171112198744485e-01,5.544666801655078192e-01,4.713284488139292683e-01,4.855013953096619650e-01,7.516819328404975575e-01,4.150382303455599775e-01,7.624881933704446002e-01,5.758270966667466961e-01,4.612009602284474208e-01,3.932287959691547208e-01,4.244010169048445524e-01,5.917417098667023811e-01,4.424970343673378936e-01,5.843465279438716520e-01,4.002301566891299234e-01,5.006591213829200138e-01,4.116949726550599986e-01,4.652747254785128406e-01,8.399939340389520614e-01,7.593406457813315358e-01,4.530086753749760220e-01,7.615754358854850414e-01,4.005115134822773149e-01,3.202427418414627303e-01,9.725543127607688687e-01,4.024645262655973665e-01,5.753760223915758143e-01,5.033403751924412362e-01,5.975946815940639256e-01,7.570911117166192472e-01,1.893166915609343082e-01,5.255525452564226985e-01,3.599782055060003483e-01,3.882958864628326401e-01,6.804745043530225912e-01,6.052229886594441277e-01,1.430641524097208406e-01,6.512842805028216109e-01,9.558948472856864109e-01,5.420635444195645025e-01,5.593871713901369391e-01,1.613083627699615219e-01,3.922458759803817419e-01,9.184241206653175338e-01,7.885893848253477945e-01,6.262348630561198615e-01,9.441866303848520658e-01,5.542460325622973194e-01,2.886209429505073865e-01,4.688865983302484275e-01,9.169777966879389952e-01,2.658661806466455779e-01
8.094862305930516921e-01,6.258896746617508278e-01,9.891738566758782047e-01,9.967593053034612405e-01,8.974366667320277102e-01,8.230329105700529002e-01,7.907831793743445026e-01,9.541605876581025214e-01,9.645900132316160835e-01,8.628358981132170369e-01,7.736400465116231029e-01,6.320594946775822676e-01,8.954288214630315990e-01,6.077068844855304519e-01,9.659955965011309820e-01,9.205675132482192824e-01,6.317310512497865682e-01,8.026370886717990594e-01,5.878698768412647935e-01,7.902038795509176428e-01,7.285589705717152587e-01,6.785345926324046761e-01,8.749185715588597700e-01,8.752134363259178595e-01,7.210928683394945971e-01,5.901792696901911883e-01,9.784534998273932693e-01,9.220906411544834702e-01,7.063181190979578306e-01,9.767842577972715157e-01,7.134776187958883353e-01,8.817223276750824068e-01,9.986426027679556894e-01,5.009563523311002520e-01,8.992692424367321191e-01,5.821425814188742054e-01,7.015378039856536851e-01,8.956374736630520195e-01,7.236680771092515174e-01,8.890420062377023536e-01,7.442131250153043442e-01,9.074561000331965444e-01,9.369066693453476091e-01,9.348478676805073162e-01,6.437640707692166009e-01,9.739460253307689053e-01,9.977684241392984488e-01,8.385581980822325310e-01,8.306329408714391294e-01,7.179698080122459691e-01,7.521330180653451603e-01,9.864091847284586212e-01,9.652410503721203794e-01,9.397598252881569358e-01,9.864496373101300231e-01,7.819367132372886386e-01,4.186042557240357009e-01,5.732704731335025450e-01,9.954347460991294083e-01,4.226017986790414627e-01
1.226091761109052436e-01,1.602853097597717880e-01,7.263691590735037451e-01,8.485096105927745214e-01,2.964235357306369001e-01,6.209187204904597079e-01,6.135873035366378181e-01,6.880869146159388494e-01,6.578798703629903377e-01,3.676731093387434757e-01,3.217159158499615645e-01,4.159665841215712256e-01,6.500517344234527650e-01,3.296229883282373319e-01,5.355488608803909978e-01,3.314983671720503899e-01,3.817855644808154647e-01,2.147898571803869838e-01,3.510013247574798045e-01,4.806798390264408471e-01,3.093390084096351300e-01,5.373759313366864854e-01,1.812379724059835773e-01,2.868156845353089790e-01,2.747410745750690220e-01,4.071548963625516993e-01,6.558648411580700888e-01,6.290639947281104760e-01,3.342133851272738321e-01,4.876484725910650297e-01,2.647914552233940899e-01,1.140989812508105689e-01,8.950388809815340574e-01,3.583336078007566816e-01,3.585693564904123831e-01,4.660321888005716784e-01,5.448314970497514231e-01,6.595128584007897699e-01,6.980820186651186254e-02,3.042894358132604560e-01,2.063173616936029298e-01,1.493045184892032584e-01,4.610602072211251734e-01,3.491002639755697579e-01,5.172817002125615349e-02,3.137694496908284281e-01,8.395148446616772508e-01,3.714791320526474316e-01,4.022729359561776907e-01,5.408731548298428143e-02,2.377920530670268318e-01,8.243274610083591858e-01,5.923437086311433841e-01,3.701124736769939583e-01,8.950070010245614327e-01,4.305602850769438827e-01,2.365904371305817266e-01,4.202430989188928878e-01,7.312936178733538961e-01,2.065040898097019184e-01
1.540876533784465707e-01,1.842812870718466001e-01,7.774660849900428827e-01,8.843108786156484991e-01,3.477556597439270814e-01,6.397908534103354805e-01,6.294212639814305010e-01,7.242051017292950865e-01,7.025832623533285748e-01,4.115964404924567499e-01,3.560386021729415318e-01,4.326586689184157009e-01,6.765340597665935318e-01,3.495968981004102805e-01,5.965621123102721191e-01,3.877489383492785380e-01,4.006701346663015806e-01,2.522264776083228965e-01,3.683363643415231703e-01,5.079053311899097700e-01,3.397916065262643337e-01,5.488796284551218374e-01,2.244471704865769746e-01,3.342573905153070069e-01,3.054207220392660127e-01,4.210990852180248600e-01,7.091074565003306907e-01,6.635195837781960870e-01,3.617973312949271381e-01,5.608689046520105581e-01,2.950208326616184373e-01,1.500114074087844085e-01,9.233875608002347635e-01,3.688663709293001358e-01,4.093856462789752793e-01,4.750757810186191921e-01,5.577884141157780640e-01,6.849620745148377043e-01,8.997906472330256811e-02,3.540627472880350513e-01,2.387060014646933959e-01,1.934443275792052108e-01,5.163608436804558721e-01,4.090549602618881453e-01,6.679941975381337160e-02,3.915694921437345433e-01,8.807874754107111182e-01,4.116453927434971516e-01,4.398347264555372282e-01,7.129975733715798736e-02,2.712597256752302122e-01,8.530263478046840042e-01,6.462679996585283249e-01,4.311393564171013271e-01,9.096544106281421183e-01,4.603981741071657696e-01,2.486116807226365077e-01,4.319540913935865367e-01,7.927300723730101861e-01,2.199662569057949102e-01
2.314809149317899606e-01,2.372368822770960506e-01,8.547248877079258733e-01,9.323836321252246817e-01,4.545917300879061540e-01,6.744017005084481653e-01,6.586910336555051870e-01,7.851610019801180673e-01,7.773106258584435713e-01,4.983390271615527611e-01,4.251350982827689085e-01,4.647238997970078445e-01,7.237153637904633063e-01,3.889352362164067434e-01,7.033077469751997102e-01,5.018467140735696219e-01,4.372814618459308633e-01,3.342052450051620216e-01,4.021483533446660319e-01,5.593035024906795050e-01,4.011916094247800491e-01,5.705543570948573562e-01,3.249016699689666887e-01,4.334137798294940835e-01,3.684806261102786529e-01,4.478884416350504827e-01,7.954463343061550784e-01,7.241575793965540075e-01,4.165844860310969344e-01,6.905588956344836937e-01,3.574754669285285513e-01,2.429139974018972303e-01,9.587438531738062819e-01,3.891918778025716952e-01,5.103937057031077140e-01,4.922755001561729404e-01,5.821445133648738279e-01,7.302539701997101673e-01,1.429897708373752130e-01,4.568752433537575097e-01,3.091588705562485773e-01,3.025365668812770581e-01,6.191229072933113198e-01,5.290184493401928201e-01,1.070370955505939442e-01,5.517858998422449091e-01,9.343224319827841962e-01,4.907375305018786271e-01,5.126710455784670994e-01,1.183862723842147024e-01,3.422714256559267199e-01,8.967768090529032454e-01,7.383111212230683007e-01,5.512565781662180919e-01,9.324731818044190712e-01,5.176223535105227702e-01,2.725199893540107277e-01,4.543747512406161593e-01,8.794349199399464911e-01,2.472067582760657800e-01
9.301163693141357713e-01,7.756484341149058048e-01,9.966591169859205790e-01,9.991489534302235853e-01,9.602049768367936222e-01,8.682978496596071016e-01,8.347460629237808405e-01,9.778217663637683854e-01,9.850960944273370323e-01,9.330995356700512167e-01,8.686815815359550941e-01,6.975083619286694958e-01,9.345288388825883086e-01,6.945368399086637723e-01,9.880867577574218297e-01,9.707985290062044470e-01,7.070848726721712385e-01,9.093246140411902489e-01,6.636173594666374687e-01,8.575949888281299005e-01,8.300601207087467959e-01,7.204634595026147004e-01,9.568865660749409363e-01,9.480336319271177592e-01,8.309123312645986248e-01,6.484655708143421959e-01,9.924306062425511943e-01,9.577415618362064009e-01,8.024171325615022665e-01,9.933493902803385289e-01,8.261933093022408858e-01,9.666219128240842728e-01,9.996939237765267716e-01,5.498140013098213874e-01,9.575323905672190605e-01,6.196240288317742539e-01,7.465474821923118176e-01,9.338513167973538920e-01,8.957241311789062577e-01,9.549277744781903277e-01,8.671059399176571647e-01,9.741235851629842513e-01,9.747245361307054212e-01,9.773053545796144270e-01,8.534870131171405916e-01,9.939023445857453343e-01,9.994948882652932021e-01,9.148463610845789518e-01,9.050166188048346383e-01,9.005840057627397810e-01,8.665388804736826600e-01,9.945162660026585222e-01,9.867506955340453745e-01,9.790356120184912081e-01,9.933394934566575074e-01,8.578416930669440221e-01,4.883440560545180831e-01,6.228159129440726804e-01,9.989421829721201185e-01,5.084147333247529543e-01
2.317144189733807980e-01,2.373878559922653619e-01,8.548936484370301958e-01,9.324806096434438141e-01,4.548807524002232983e-01,6.744897497832328392e-01,6.587659492551770635e-01,7.853064515731110751e-01,7.774868984564157204e-01,4.985677823057994562e-01,4.253205735569158263e-01,4.648080575592476449e-01,7.238327635062363763e-01,3.890400443446336842e-01,7.035646063633832492e-01,5.021494602404441565e-01,4.373780632800181034e-01,3.344360704534073969e-01,4.022379536287277735e-01,5.594364272934653215e-01,4.013569123247635040e-01,5.706105901656878254e-01,3.251927842513260836e-01,4.336835581541484408e-01,3.686523798806310426e-01,4.479588014922001871e-01,7.956445164408529891e-01,7.243066867250379515e-01,4.167308159939855927e-01,6.908699198374117501e-01,3.576461399544531572e-01,2.432009122903441289e-01,9.588115510059512792e-01,3.892454480536524097e-01,5.106597579955423072e-01,4.923204152053540228e-01,5.822075895967753212e-01,7.303666279327279964e-01,1.431571298715840768e-01,4.571525326202822703e-01,3.093571270863079148e-01,3.028628640854461040e-01,6.193814867547506875e-01,5.293331091866027016e-01,1.071657250667116396e-01,5.522043735080273130e-01,9.344272421128291262e-01,4.909462512100306597e-01,5.128617195398875728e-01,1.185385976503482014e-01,3.424682402190184494e-01,8.968741864357575588e-01,7.385300983285508769e-01,5.515682490066312615e-01,9.325250576522896573e-01,5.177716976732329446e-01,2.725842116798260495e-01,4.544335292435050522e-01,8.796134034378857436e-01,2.472807085396800664e-01
3.847794689882159114e-01,3.310592428711195412e-01,9.261733519995352104e-01,9.701435301499168329e-01,6.146637192170898434e-01,7.214099304440456661e-01,6.991043708606640150e-01,8.552362551304489857e-01,8.602403448950058928e-01,6.231394140046685459e-01,5.301767428972478102e-01,5.117605882463414080e-01,7.841407774981788981e-01,4.486235695552965308e-01,8.247312626840729299e-01,6.641271176051459779e-01,4.916017658512913391e-01,4.721126349436732816e-01,4.528893048222297213e-01,6.314982001217230856e-01,4.956586060057732723e-01,6.015469123176073740e-01,5.018911801701413378e-01,5.851080223549627313e-01,4.680995811461681755e-01,4.873111749523881264e-01,8.845830777353510532e-01,7.991382936215651878e-01,4.996106637345972268e-01,8.338922226775429269e-01,4.569567018092205446e-01,4.333092867192916975e-01,9.836918089774047136e-01,4.194024412389253942e-01,6.534987165868013648e-01,5.172851105239254510e-01,6.167983526016607154e-01,7.882531250199878992e-01,2.629784479987978263e-01,6.104752485043257737e-01,4.286791790328063900e-01,5.063983531278215544e-01,7.496097303084656716e-01,6.941257139705140355e-01,2.022383415496292747e-01,7.595467539318477845e-01,9.735806145150194268e-01,6.053985596464616092e-01,6.167280233559806479e-01,2.322686036995146863e-01,4.584907702974449495e-01,9.397971178601564057e-01,8.413765235017612865e-01,7.124657066612094525e-01,9.562383339186600884e-01,5.995494528183583638e-01,3.097048900501753188e-01,4.872555481070423022e-01,9.490718156178195031e-01,2.906342143071651840e-01
6.940438013311398535e-01,5.288827487941591965e-01,9.794581143069247542e-01,9.932570573479440057e-01,8.336247030371087829e-01,7.933486728524644649e-01,7.631922469884719895e-01,9.323377234329058849e-01,9.436143835444174011e-01,8.024042604764138886e-01,7.039153787194648570e-01,5.936918665513145621e-01,8.660607977024230575e-01,5.564503033458235715e-01,9.403498658800326648e-01,8.665579271678098827e-01,5.870741488947041065e-01,7.123398465682333480e-01,5.441158200768121400e-01,7.442557866322483395e-01,6.588642455380313567e-01,6.541368166404617490e-01,7.875974085685764070e-01,8.057213001654025541e-01,6.449466493929862931e-01,5.569069066444334304e-01,9.620568210321955860e-01,8.922572806504828202e-01,6.432757500220879221e-01,9.544825360985110807e-01,6.357496435947285196e-01,7.795322661960921717e-01,9.969255930630046558e-01,4.740344161738982431e-01,8.428907474266421618e-01,5.610990121336933978e-01,6.749378604316175201e-01,8.671605176422011452e-01,5.768441839245492808e-01,8.244126151766157928e-01,6.511455005843646004e-01,8.239816758816506104e-01,8.978368336524867876e-01,8.869137211969826406e-01,4.871019567577479226e-01,9.433107757221601553e-01,9.949598662072960398e-01,7.769676772528379960e-01,7.729572513177862536e-01,5.589111552720678056e-01,6.663943576041497785e-01,9.777153229026691594e-01,9.416789988962724900e-01,8.951655443761766806e-01,9.800330571212955144e-01,7.292667849708717176e-01,3.814413252868154025e-01,5.453278410136620513e-01,9.898396477669914040e-01,3.770360277215173972e-01
4.533110312086312266e-02,8.767888212286828464e-02,4.644746882749576367e-01,6.122240482781179383e-01,1.390369988903213949e-01,5.407979712888774104e-01,5.469286485179348789e-01,5.204055106806402264e-01,4.541002535789427363e-01,2.150131047730813039e-01,2.025892797249342903e-01,3.503121544553240430e-01,5.339942382973906776e-01,2.548979114927678036e-01,2.951552335288498141e-01,1.547714461977295897e-01,3.089720290637212319e-01,1.043744307492603385e-01,2.847108049931956764e-01,3.726229237478971279e-01,2.027443722577372542e-01,4.902458564635355787e-01,6.916541378910280591e-02,1.400827262586051281e-01,1.711030396753956961e-01,3.521032590439768795e-01,4.115805455679175107e-01,4.785187481808113596e-01,2.342497766067312137e-01,2.231963730732558493e-01,1.634966583885565927e-01,3.447421364436913105e-02,6.757198266918963414e-01,3.169153000773385354e-01,1.888581228977846971e-01,4.294942855835112150e-01,4.916223175622260744e-01,5.474991722034223685e-01,2.383206245759286052e-02,1.485264688880944817e-01,1.080544872106642129e-01,4.689504716585800315e-02,2.576370752839182154e-01,1.594986284104426277e-01,1.772027263360767199e-02,1.020500050005020420e-01,5.618011401022402485e-01,2.291830822136017021e-01,2.642780980701674443e-01,1.693124351189388699e-02,1.319370735235100844e-01,6.637805263626119778e-01,3.637858806160986780e-01,1.724606920370035379e-01,8.122875192837274438e-01,3.161291169092371178e-01,1.918649525326274474e-01,3.735974981535657435e-01,4.050407786054590620e-01,1.580244454629128881e-01
4.501383499782870556e-01,3.699889053451659859e-01,9.431235704962360744e-01,9.780510930399111125e-01,6.695403378922457627e-01,7.376401386024293849e-01,7.132879592634751020e-01,8.757977610849314587e-01,8.835280398321293527e-01,6.661061990356790252e-01,5.686995173034331552e-01,5.290822147835304579e-01,8.038350564003768906e-01,4.710916890530979506e-01,8.583130879074184483e-01,7.171149220920339795e-01,5.117343014803074075e-01,5.252603237662891722e-01,4.718929696059897538e-01,6.568515983622061905e-01,5.309091137433937790e-01,6.127771832221377002e-01,5.694973026175677022e-01,6.385680494574380583e-01,5.059092561656068909e-01,5.019020670333650402e-01,9.077565364808489745e-01,8.226038275471933003e-01,5.304525353904682161e-01,8.712626080569886300e-01,4.949587874337960658e-01,5.128942614729965488e-01,9.884683918386937274e-01,4.307002828183172372e-01,7.011726992731948105e-01,5.264843339002740485e-01,6.292922517477074207e-01,8.071784654528503244e-01,3.207151788179365415e-01,6.634181295123946498e-01,4.758111280424238143e-01,5.848603438463854109e-01,7.894371520621170646e-01,7.462268310546548156e-01,2.504143108326589706e-01,8.171824480723088868e-01,9.812487279066075541e-01,6.455090135318151123e-01,6.530024491521578822e-01,2.898148957532126202e-01,5.032304063197032828e-01,9.509143372616191137e-01,8.700156211215087643e-01,7.624026742913315724e-01,9.627927802184400585e-01,6.286202371357680896e-01,3.240890418935244988e-01,4.994130479600504824e-01,9.634081115972337184e-01,3.077229565085762841e-01
5.534793917790020723e-01,4.332661815936114102e-01,9.622479451537686579e-01,9.863935808457867660e-01,7.454797332750939809e-01,7.614283275930670003e-01,7.343428260438275013e-01,9.025524987013605616e-01,9.128014062288639652e-01,7.270944618860888387e-01,6.263242010083516220e-01,5.556248010530779879e-01,8.314724417768764031e-01,5.059144845155555403e-01,8.994057151158152408e-01,7.880277867741545261e-01,5.426624031972678841e-01,6.056475668925367373e-01,5.013193246303075945e-01,6.941952316201590589e-01,5.845136763960854243e-01,6.298477861999065563e-01,6.680395014222370031e-01,7.143227279179932276e-01,5.638924908175511064e-01,5.243723625522151988e-01,9.353406040501127672e-01,8.544745625021706870e-01,5.774490320479568339e-01,9.147049404999045841e-01,5.534809775824137690e-01,6.328935651815394969e-01,9.932579265026931781e-01,4.482490110246132864e-01,7.666531126835210985e-01,5.406235499658070820e-01,6.482070797021486364e-01,8.337756461898007121e-01,4.209434524754555040e-01,7.372757866995033327e-01,5.489931081663920187e-01,6.966772825539938596e-01,8.413464109622125209e-01,8.142539707937170856e-01,3.382427462111259331e-01,8.841565270829986334e-01,9.889911422267700924e-01,7.033725023518154762e-01,7.054862893855323724e-01,3.929084646951623849e-01,5.718242045269015250e-01,9.643116988275360901e-01,9.054696571494375013e-01,8.269656514069284592e-01,9.710808941203608047e-01,6.715957894768593839e-01,3.469144081307016791e-01,5.181447371040491801e-01,9.781873918585863859e-01,3.351105918827517183e-01
6.853763878763464990e-02,1.126585181870040780e-01,5.772667835468424657e-01,7.252181240708905907e-01,1.924440292234527172e-01,5.738110148890706030e-01,5.743227811824640483e-01,5.913555392046836445e-01,5.388988455726410054e-01,2.710067136306898439e-01,2.465924913464048462e-01,3.764284909302092474e-01,5.822963113283073922e-01,2.838472337363863729e-01,3.871127459078728683e-01,2.152760617083703254e-01,3.376276490118084728e-01,1.414480951898812455e-01,3.107073248768557061e-01,4.155774240161015376e-01,2.424020345904421003e-01,5.093964159674219117e-01,1.037122877463887843e-01,1.903240706928228387e-01,2.089157308569108418e-01,3.740622040936067982e-01,5.123205949041517160e-01,5.407195131670862187e-01,2.721982576071637072e-01,3.183999459139123522e-01,2.003001423106511303e-01,5.668517114760782821e-02,7.868340541307138336e-01,3.334188792496748932e-01,2.493570397677391803e-01,4.442507827987824953e-01,5.132585159797736774e-01,5.942368633263110933e-01,3.707845662434443995e-02,2.021034736333619797e-01,1.417339908474642141e-01,7.615497348781892495e-02,3.335450822617579969e-01,2.243698875334496357e-01,2.748703848368769243e-02,1.666194428038290654e-01,6.940346929912932783e-01,2.820849710674139810e-01,3.166764919205972140e-01,2.726241739467402322e-02,1.690827491558127005e-01,7.372042640874083563e-01,4.549887477526930457e-01,2.409124983861609393e-01,8.506939486973040809e-01,3.607853302295431219e-01,2.091907839813330616e-01,3.922955969142176147e-01,5.443266470182076544e-01,1.764821699237539565e-01
5.714538519260029537e-01,4.447019332050094476e-01,9.649036548026369564e-01,9.874970119095390908e-01,7.575951018060147479e-01,7.654599971429728589e-01,7.379462605170175049e-01,9.066946080585326362e-01,9.172106403121244034e-01,7.370847279256346196e-01,6.361578299367984801e-01,5.602700273239437090e-01,8.360037773238484515e-01,5.120497083738169142e-01,9.054398205461554605e-01,7.990705883139699317e-01,5.480810656276247084e-01,6.193508821806547049e-01,5.065055360844591403e-01,7.005314238650900416e-01,5.937848131696863430e-01,6.328215784429752633e-01,6.842130873298570837e-01,7.266371706605762038e-01,5.739683031231572752e-01,5.283212873037497204e-01,9.393237887253599316e-01,8.595670398171193494e-01,5.856051517687632657e-01,9.208197093914859410e-01,5.636793546473883865e-01,6.528222785408210882e-01,9.938673673808396947e-01,4.513536416684574837e-01,7.770885792058693786e-01,5.431070570684127796e-01,6.514918885394861414e-01,8.381421326252755932e-01,4.395696825164196464e-01,7.491463256798432946e-01,5.617508358426900328e-01,7.145500587735135190e-01,8.493272878681066285e-01,8.246537162251670328e-01,3.552011350719765370e-01,8.934617907095702138e-01,9.899803975561239922e-01,7.129804404675325058e-01,7.142364416653315118e-01,4.124372646849182034e-01,5.836953006434328906e-01,9.662740234421456353e-01,9.107352701287204644e-01,8.367740233863183441e-01,9.723418886850061504e-01,6.788974541226613368e-01,3.510111883016568401e-01,5.214392085610969341e-01,9.801009968277301088e-01,3.400570421800936383e-01
2.115484326162972439e-01,2.241909546376888995e-01,8.392018687741242822e-01,9.233121573445958186e-01,4.292592596650237069e-01,6.665932203835777115e-01,6.520572185734684334e-01,7.720603157897957258e-01,7.613838252559894659e-01,4.781903166118657844e-01,4.088758113837060448e-01,4.573147095773499315e-01,7.132475861526614835e-01,3.797388110190703658e-01,6.801749295390084882e-01,4.751828161549092600e-01,4.287865540113088847e-01,3.141813409180105321e-01,3.942773244576300296e-01,5.475563020492588695e-01,3.867140747400949485e-01,5.655910088018555326e-01,2.997917920409836623e-01,4.098080219865340434e-01,3.534774499334227271e-01,4.416954703066326426e-01,7.774176726711781171e-01,7.108212338513286710e-01,4.037475199920834146e-01,6.624899046069792075e-01,3.425783926136291013e-01,2.185354387067829640e-01,9.523410258142928075e-01,3.844808647073014729e-01,4.869380663710149437e-01,4.883172836716359044e-01,5.765746741385272545e-01,7.202085866050285112e-01,1.288695595315504649e-01,4.325592167747700501e-01,2.919657270957535244e-01,2.745810646459629356e-01,5.960814905998097490e-01,5.012223839819792692e-01,9.622224395426537402e-02,5.146807744996857448e-01,9.244503713596782246e-01,4.723619629021297839e-01,4.958569870297843685e-01,1.056121859637576821e-01,3.251433026705425333e-01,8.878689750513679702e-01,7.185512826684954391e-01,5.236555423172107870e-01,9.277530336171767589e-01,5.044499109255586866e-01,2.668967861751591064e-01,4.491992674076427106e-01,8.627861220533069586e-01,2.407473215394672350e-01
8.396792576635833671e-02,1.273977001422990085e-01,6.316495390583658498e-01,7.735200302267118966e-01,2.246131813025899204e-01,5.901485327898902122e-01,5.879078483515863818e-01,6.257488021983685922e-01,5.809104533369929824e-01,3.023210595464275730e-01,2.709572598504771945e-01,3.898187510842746617e-01,6.060064213452917015e-01,2.990968023293669731e-01,4.370239513805600495e-01,2.515074377818642959e-01,3.524847370982895911e-01,1.638845854712411843e-01,3.242298410083749860e-01,4.376680636420006709e-01,2.641865480228857144e-01,5.189979260913144543e-01,1.262637661009331502e-01,2.202992313970635330e-01,2.300782251971989212e-01,3.852849198972992384e-01,5.630031277304228254e-01,5.715747660720279510e-01,2.926257034243444632e-01,3.734851124990125615e-01,2.209770502744534404e-01,7.237941572590933514e-02,8.310128388649407061e-01,3.418589135354525577e-01,2.841987296307004751e-01,4.516934411645228131e-01,5.241003811093332132e-01,6.171117480486871809e-01,4.616297318314843690e-02,2.339658869509501915e-01,1.617149511826965202e-01,9.648871287640368999e-02,3.755415195885405955e-01,2.633052926032323771e-01,3.419462560718869448e-02,2.097612816163646476e-01,7.512563174786214271e-01,3.112530624999972351e-01,3.449603938023947935e-01,3.454598558013080578e-02,1.906581902459425493e-01,7.698997751891701880e-01,5.023345544434958398e-01,2.815766476499622639e-01,8.673910452388360337e-01,3.841946625432934304e-01,2.183070414115485525e-01,4.018012272712098709e-01,6.129867284612396938e-01,1.863629648378045955e-01
1.029058069642071159e-02,3.530312070528539292e-02,1.523473543850987766e-01,2.099750791562547680e-01,4.021084386577463560e-02,4.254045216296116760e-01,4.507912521415071705e-01,2.856357748220193504e-01,2.037201043011058754e-01,8.673711586455788713e-02,9.546974063546591338e-02,2.671222470525548287e-01,3.673654736820221034e-01,1.703577091862563397e-01,9.147923837365637412e-02,4.313073233677707646e-02,2.210867158864772697e-01,3.389162436929220312e-02,2.054490364077160847e-01,2.413595789739043651e-01,1.028776501471253962e-01,4.244134968000672914e-01,1.574245324990509315e-02,4.368139692500547927e-02,8.075746028402405741e-02,2.810712419092560310e-01,1.458147131648079575e-01,2.788508371661969076e-01,1.322332573328580674e-01,5.057492471227447578e-02,7.638767254945358354e-02,5.837419147493600607e-03,2.229548611722472484e-01,2.633118303830029316e-01,6.357511710052150822e-02,3.794399188213506413e-01,4.173474073863588374e-01,3.842552699204658251e-01,5.003100924654692132e-03,4.566651453465343097e-02,3.973171825959256193e-02,8.152546415652882003e-03,8.885040403998309411e-02,4.213396899540298307e-02,3.788006967368050693e-03,1.577517656133353360e-02,1.505797440965306599e-01,1.015923298435785632e-01,1.292879280188637958e-01,3.172849883975311074e-03,5.236256507461620885e-02,3.686556259864611773e-01,1.333981952706277119e-01,4.623054835042568478e-02,6.250320192395368846e-01,1.878613197656817668e-01,1.402901957783545261e-01,3.119013060382527236e-01,8.832408527577707835e-02,1.059369857706785045e-01
3.533092816200992803e-01,3.123070266907987391e-01,9.160013791440846376e-01,9.651900069432899354e-01,5.858508383988435542e-01,7.130291890341929895e-01,6.918314282943502924e-01,8.438814109207929404e-01,8.471367122756211510e-01,6.007523275583324107e-01,5.106613233808454666e-01,5.030469468937053268e-01,7.737221265269705883e-01,4.374110832016392392e-01,8.056289737225247327e-01,6.357456869588621329e-01,4.814957236824257136e-01,4.455795606608770054e-01,4.433921703192293395e-01,6.184735156271166101e-01,4.779472100875427620e-01,5.958647443819262701e-01,4.677511857997669886e-01,5.573898877902748739e-01,4.492187962232529475e-01,4.799890157719865491e-01,8.711320247397837946e-01,7.865043466213608170e-01,4.841057213606477228e-01,8.120574374701816645e-01,4.380288238262552980e-01,3.943490203431740948e-01,9.806045932032577683e-01,4.137586797883974765e-01,6.282550489614480149e-01,5.126596817016897401e-01,6.104630103004248243e-01,7.782476843127665855e-01,2.366357300133997144e-01,5.827712555736788147e-01,4.054319084892582525e-01,4.666219932479238053e-01,7.278053526205167101e-01,6.658184084700010663e-01,1.807947118713074675e-01,7.262770111820217034e-01,9.686515805636483067e-01,5.846633636925997468e-01,5.979752861560818644e-01,2.065480765787462147e-01,4.362242196767334157e-01,9.333605167604688280e-01,8.251561715018497223e-01,6.851508852592882448e-01,9.525433852687325009e-01,5.846643780106077770e-01,3.026143838098523942e-01,4.811538289264806201e-01,9.399973191907563530e-01,2.822654861778635671e-01
4.397272137750810606e-01,3.637639260056977353e-01,9.407341798307202740e-01,9.769639373935452564e-01,6.612020114700850604e-01,7.351390660825383172e-01,7.110932924076811545e-01,8.727519551522541219e-01,8.801176432908421887e-01,6.595359067036412615e-01,5.627093193941026250e-01,5.263731420813428930e-01,8.008429644665198133e-01,4.675630020802116205e-01,8.534336032708584874e-01,7.091555877669084573e-01,5.085823240496770703e-01,5.169443276170112567e-01,4.689101210687524057e-01,6.529354754101860392e-01,5.254001387076275842e-01,6.110260478943715379e-01,5.590154711967253442e-01,6.303828835314694290e-01,4.999815606217603015e-01,4.996166613533052359e-01,9.044257789187720720e-01,8.190763149412979560e-01,5.256319252336479897e-01,8.659240862478455591e-01,4.889924313567068914e-01,5.003707720751379151e-01,9.878239220224769301e-01,4.289259140637241008e-01,6.939562360722307810e-01,5.250447294468364445e-01,6.273465739896305626e-01,8.043019685169409128e-01,3.112364388987193808e-01,6.553549775996712068e-01,4.683797212222253759e-01,5.727522467181851429e-01,7.835201976832665283e-01,7.384660902675777017e-01,2.423901268829682654e-01,8.089194772516291598e-01,9.802110913242886303e-01,6.393451238178252671e-01,6.474255903045460503e-01,2.802647444753623707e-01,4.962091312107295149e-01,9.493118019318769196e-01,8.658406136796406027e-01,7.549916233455933323e-01,9.618324957413780796e-01,6.241228127472230325e-01,3.218134551380067432e-01,4.975087272860712617e-01,9.614516523368574763e-01,3.050100645708294089e-01
3.603218082818742118e-01,3.164941660182062910e-01,9.184059979975152110e-01,9.663745107483964203e-01,5.924214478797247274e-01,7.149362663036280541e-01,6.934835435257500347e-01,8.465093412018703800e-01,8.501833613321941874e-01,6.058521990865053386e-01,5.150765415911552347e-01,5.050164719846187422e-01,7.761073632865218563e-01,4.399397971660297668e-01,8.100797368223888739e-01,6.422511734607003753e-01,4.837785348834562904e-01,4.515540965407136564e-01,4.455350412522635084e-01,6.214326271016741288e-01,4.819465098596644181e-01,5.971511523131629584e-01,4.754514542463393334e-01,5.636916265125306857e-01,4.534748049704615536e-01,4.816430930814030731e-01,8.742840336664261525e-01,7.894092588450488668e-01,4.876080360950282855e-01,8.171774380008254290e-01,4.422925464801764073e-01,4.030554538944882137e-01,9.813488933831464589e-01,4.150321757736966655e-01,6.340271475403868040e-01,5.137051887599344280e-01,6.118980680506079795e-01,7.805380049961324618e-01,2.424261128991081204e-01,5.890846450580727867e-01,4.106524558792331026e-01,4.755919681816863642e-01,7.328354352768993163e-01,6.723303581249659988e-01,1.854805189620351014e-01,7.340410326078844472e-01,9.698380206212624532e-01,5.893783815569855200e-01,6.022404699368435477e-01,2.121706506781930457e-01,4.412370103270135679e-01,9.348688011240674500e-01,8.289325429472822471e-01,6.914461091284966887e-01,9.534034952689790510e-01,5.880427988801830708e-01,3.042087071140441856e-01,4.825323147423289938e-01,9.421719986066144914e-01,2.841438884650672181e-01
4.468137789616343225e-01,3.679993847751101277e-01,9.423717603367700590e-01,9.777100358941033242e-01,6.668930730628608305e-01,7.368443770481615251e-01,7.125893174056928681e-01,8.748335228439424460e-01,8.824499504345880707e-01,6.640182375886066746e-01,5.667917591508364605e-01,5.282186601384983859e-01,8.028847948104368415e-01,4.699663078766269098e-01,8.567722691615525799e-01,7.145916028730296965e-01,5.107294466119484122e-01,5.226102368876743842e-01,4.709417205187147459e-01,6.556053072271550430e-01,5.291534419355783392e-01,6.122191832354916263e-01,5.661616786784052779e-01,6.359668385871135587e-01,5.040194312347505701e-01,5.011734157518926702e-01,9.067060751690234621e-01,8.214850459493903134e-01,5.289161551466563527e-01,8.695804949904328840e-01,4.930562984576697394e-01,5.089024072845443891e-01,9.882666636640486946e-01,4.301343657117160379e-01,6.988824828955799706e-01,5.260253918176631682e-01,6.286723638749598386e-01,8.062648623772917800e-01,3.176764943718788925e-01,6.608574012720236368e-01,4.734404528466946704e-01,5.810103064827832897e-01,7.875636232676705983e-01,7.437690633983463639e-01,2.478368737174048431e-01,8.145784977990143672e-01,9.809238294732617325e-01,6.435489092257807853e-01,6.512288498724045915e-01,2.867491579897932796e-01,5.009918209925975363e-01,9.504086895923501421e-01,8.686966447373511979e-01,7.600566753793180919e-01,9.624891625311456922e-01,6.271887008592290647e-01,3.233626069839424244e-01,4.988058893628545265e-01,9.627949381204909951e-01,3.068565501696670084e-01
7.615318019937090677e-01,5.825076796374920596e-01,9.854993661101943969e-01,9.954754534217175044e-01,8.716203568553644310e-01,8.099604560088172756e-01,7.785303023695870905e-01,9.452137135668606804e-01,9.561863659620758460e-01,8.375202349529647927e-01,7.434185532466635049e-01,6.147751668051402163e-01,8.828425097538663557e-01,5.846051111874538408e-01,9.560049482850894176e-01,8.990315463880526048e-01,6.116391099360457551e-01,7.644291038320553122e-01,5.680887431040861912e-01,7.700823833078399572e-01,6.979539841671865696e-01,6.675431584415635333e-01,8.397494113690694428e-01,8.466770421967021454e-01,6.876729055945700608e-01,5.751219580074889981e-01,9.720928775067739780e-01,9.095872121040651237e-01,6.784230307503441582e-01,9.684021350141664986e-01,6.793146390513333799e-01,8.414988696239384947e-01,9.980305399482236606e-01,4.886968967531776786e-01,8.762518731991812970e-01,5.725990394488705837e-01,6.895878773405447193e-01,8.834147685138928896e-01,6.605241103829565530e-01,8.626870206453635115e-01,7.039096627916647808e-01,8.750644499799744569e-01,9.212369348881097597e-01,9.159678791774489293e-01,5.741951012247360486e-01,9.627765520717080916e-01,9.967659881702317648e-01,8.124132141142109687e-01,8.059665974538299249e-01,6.495225518088061367e-01,7.149944938575016895e-01,9.829703938684350994e-01,9.559422739052522155e-01,9.222305734523654763e-01,9.838304495310685738e-01,7.589272954124058890e-01,4.015512307660426550e-01,5.606022032311972492e-01,9.934263739760494927e-01,4.016531490909828195e-01
2.502331130714018914e-01,2.492409064634994731e-01,8.674358401916150152e-01,9.395880491907270260e-01,4.772683092634724678e-01,6.812490416029483020e-01,6.645247902239180826e-01,7.963181926339324423e-01,7.907929419483138433e-01,5.162206246520393282e-01,4.396976237121852371e-01,4.713101589650839918e-01,7.328015131257339387e-01,3.971608172225208344e-01,7.229968695720028204e-01,5.254976946417485584e-01,4.448488384780871496e-01,3.524869510909698911e-01,4.091737772677503382e-01,5.696702064270318111e-01,4.141822385032970510e-01,5.749458011820554049e-01,3.480595283716421129e-01,4.546153328593288134e-01,3.820082382151638867e-01,4.533961899055352074e-01,8.105129421958234825e-01,7.356648792250065627e-01,4.280689156472530787e-01,7.143439937916330473e-01,3.709271459213217548e-01,2.660360559815687642e-01,9.637278577426958703e-01,3.933886950611799604e-01,5.311674801862340534e-01,4.957878759284059522e-01,5.870683891500114715e-01,7.389729693551236878e-01,1.565745252686757683e-01,4.786244877711693935e-01,3.248691483064606311e-01,3.286342078786188003e-01,6.391281207318292301e-01,5.535334831768343733e-01,1.175130667650278737e-01,5.842408966983346774e-01,9.420631137235936370e-01,5.070620453251697413e-01,5.275649400513849896e-01,1.308180916155730900e-01,3.578204719760940122e-01,9.041493709639115695e-01,7.550732162278568360e-01,5.754867761208017907e-01,9.364196202875316732e-01,5.292884526113896815e-01,2.775702044217593367e-01,4.589745080510551078e-01,8.927170830612914942e-01,2.530338928273084820e-01
1.753118734157367020e-01,1.995009077836926992e-01,8.039275466783799562e-01,9.015970207986516716e-01,3.794918263953636628e-01,6.505963078206019601e-01,6.385238414106300109e-01,7.440152304645052395e-01,7.270162742398803557e-01,4.379079002450751990e-01,3.767727330725760826e-01,4.424591208258822905e-01,6.914726937459074740e-01,3.614900353990102011e-01,6.309045739211669446e-01,4.220822995814141887e-01,4.118162968334505014e-01,2.759419884689039981e-01,3.786004752869468470e-01,5.237590802416803859e-01,3.581894971125121896e-01,5.555599146186906978e-01,2.527993097969017944e-01,3.636214959518718204e-01,3.241551707804695703e-01,4.292846803108449349e-01,7.377837479270974441e-01,6.828504069880673155e-01,3.783160705244935085e-01,6.025429520647173076e-01,3.135313306321926285e-01,1.749509843362783701e-01,9.364887257638495610e-01,3.750629761867467771e-01,4.399963582202461310e-01,4.803536509725330750e-01,5.653037782920701249e-01,6.993074776193629605e-01,1.040321445930380839e-01,3.846892184815237647e-01,2.591220395177661340e-01,2.234266969385336754e-01,5.484883927370979295e-01,4.454167200368681634e-01,7.737268583610826256e-02,4.399110034521504509e-01,9.003496484435545844e-01,4.356448434424485261e-01,4.620745829594030130e-01,8.354033441344929645e-02,2.920720992928031445e-01,8.678887752112023346e-01,6.761481418250064879e-01,4.678238466088581182e-01,9.173168823132615834e-01,4.779314810077777698e-01,2.558025573493471483e-01,4.388145193751903927e-01,8.234272401087447957e-01,2.280965581711121570e-01
1.902182698591726728e-01,2.098312598944823970e-01,8.197267101384154708e-01,9.115112148089082877e-01,4.005904785057750606e-01,6.575007686639139370e-01,6.443560967618430224e-01,7.563136709478415209e-01,7.421262954698879533e-01,4.551143353901260791e-01,3.904259361809916395e-01,4.488189561066635025e-01,7.009232346740852382e-01,3.692706793469412996e-01,6.524426586769674907e-01,4.447073211339995780e-01,4.190708452500476744e-01,2.919864783918980633e-01,3.852946102549175134e-01,5.339841668393165985e-01,3.703129852008971157e-01,5.598678142250969048e-01,2.723434464895510554e-01,3.831763917061706270e-01,3.365779192478325355e-01,4.345971352925577791e-01,7.553216017158849160e-01,6.950241341665076567e-01,3.891495102222370384e-01,6.287506780001056450e-01,3.258263922087952236e-01,1.927457290862485684e-01,9.438140357981951167e-01,3.790907543464448470e-01,4.600455715701929349e-01,4.837678898494373603e-01,5.701463109359957704e-01,7.083798494493458442e-01,1.141200320202425539e-01,4.050031814348148407e-01,2.729090427282611642e-01,2.444987403543384674e-01,5.690605914197731652e-01,4.692631992983186673e-01,8.500271640828283015e-02,4.718411844327537463e-01,9.114269681691220537e-01,4.513285799891620376e-01,4.765377738218613546e-01,9.244069066911569932e-02,3.060134707217065930e-01,8.768034639394317598e-01,6.947443594490587682e-01,4.917503135665465819e-01,9.219507636491249825e-01,4.892974708304751452e-01,2.605230529117883442e-01,4.432620283527334282e-01,8.412982090067174790e-01,2.334638307678534030e-01
3.944531035641899996e-01,3.368109938577811824e-01,9.290045330372851407e-01,9.714951877678620340e-01,6.231867677588797116e-01,7.239016488459381060e-01,7.012731863384066289e-01,8.585153748826455100e-01,8.639940642270830251e-01,6.297776504496878092e-01,5.360326041639796868e-01,5.143809031374450003e-01,7.872063160022572115e-01,4.520075905724859622e-01,8.301808340381308104e-01,6.724495134035365362e-01,4.946438576746943205e-01,4.801329178279180043e-01,4.557535351190506456e-01,6.353803817506206153e-01,5.009911873038360719e-01,6.032511101980801982e-01,5.121731820674085833e-01,5.933508095447280750e-01,4.738002361035262289e-01,4.895152331576613225e-01,8.883840208653921433e-01,8.028278656853131690e-01,5.042767838562330907e-01,8.400505410685350505e-01,4.626780618526618039e-01,4.452172722227658030e-01,9.845221778912184307e-01,4.211045546322005895e-01,6.609345606636483073e-01,5.186761129503912882e-01,6.186966923383836470e-01,7.911978283207372620e-01,2.712627307414718358e-01,6.186808626655730947e-01,4.357400859697087014e-01,5.183720810869394402e-01,7.559371296697398046e-01,7.023749805123554735e-01,2.090497636291073491e-01,7.689973389591155950e-01,9.749099606966769027e-01,6.115667642091400236e-01,6.223051763147612325e-01,2.404299318452373935e-01,4.652263335029769298e-01,9.416168144249037475e-01,8.460112115818171352e-01,7.204012538514530384e-01,9.572951656625331429e-01,6.039931902518762552e-01,3.118558867971132353e-01,4.890920576719953172e-01,9.515375110217056953e-01,2.931803894121360887e-01
6.807610641335335444e-01,5.190804377541072823e-01,9.781287185296673181e-01,9.927535374906153454e-01,8.258673560763272192e-01,7.902338958053114482e-01,7.603428457827372533e-01,9.297287309266955013e-01,9.410057933689642828e-01,7.954794884045887082e-01,6.964094428151266225e-01,5.898411538421807210e-01,8.628187670596850767e-01,5.513164866427614497e-01,9.370114874370560898e-01,8.598209708676151086e-01,5.825831624321101687e-01,7.022232698894836922e-01,5.397571542859034288e-01,7.393893659207745328e-01,6.515409411789017113e-01,6.516863135513700778e-01,7.769507810818362392e-01,7.974910388824975049e-01,6.369446381696105552e-01,5.535964124446192125e-01,9.599047398428479649e-01,8.888287123379222665e-01,6.367404111307146675e-01,9.514076433473804828e-01,6.276051936282651678e-01,7.666455467907219434e-01,9.966680513698465971e-01,4.713880119817874248e-01,8.361329749426074098e-01,5.590128328644720090e-01,6.722516467217772851e-01,8.640252359152532646e-01,5.610726042951479364e-01,8.166608419955357911e-01,6.411479911185927749e-01,8.131673336819337239e-01,8.929987699124096734e-01,8.808067345467347486e-01,4.712871925945259499e-01,9.388934082225905975e-01,9.945394789513930522e-01,7.700746018486974709e-01,7.665848563271027150e-01,5.419060947002941608e-01,6.571763318290779754e-01,9.766089921252473216e-01,9.386753391695480397e-01,8.894622278240027491e-01,9.792588730611615500e-01,7.236669492579356211e-01,3.778469929928896520e-01,5.425568096294468567e-01,9.890096524211108298e-01,3.726490737131266662e-01
6.505310933863600598e-01,4.974917697340058287e-01,9.749041023523221661e-01,9.915117304237458518e-01,8.078173975726761213e-01,7.832662107342962532e-01,7.539971297609381340e-01,9.236638912043331207e-01,9.348692688539249618e-01,7.796290951499592614e-01,6.795404345333460050e-01,5.813382659549304332e-01,8.554599842719230463e-01,5.399942536210032840e-01,9.290521279142418543e-01,8.440108417446938738e-01,5.726637120943088854e-01,6.792844287991101071e-01,5.301553984203403180e-01,7.284832925096047518e-01,6.351926326815854340e-01,6.462714267564719783e-01,7.522324476164384821e-01,7.784940563222056964e-01,6.190907776268881335e-01,5.463029090588129577e-01,9.547558042736481454e-01,8.809553280795013874e-01,6.221983728782233269e-01,9.439424157043716512e-01,6.094508393044313355e-01,7.365179703930354593e-01,9.960238475098835975e-01,4.655765068508820881e-01,8.204592777743918708e-01,5.544197337880479859e-01,6.663071314150197377e-01,8.569139057407354487e-01,5.260108171136463895e-01,7.986943839142409685e-01,6.187454813123871578e-01,7.876157103989402941e-01,8.816509756296394551e-01,8.663758691394948253e-01,4.367684658091403604e-01,9.280303456158002229e-01,9.934888335383044167e-01,7.544028233151778284e-01,7.521444071830423184e-01,5.042360995276948810e-01,6.364989859356666724e-01,9.739853714204836921e-01,9.315579450160628161e-01,8.759647069319783652e-01,9.774523608594607449e-01,7.111089216944423974e-01,3.699933795503855261e-01,5.364564628858762285e-01,9.869422476904394781e-01,3.630798217874329770e-01
1.365319249146675906e-01,1.711409357399244768e-01,7.510681933351638362e-01,8.662151793473084060e-01,3.198138807766390812e-01,6.297652229010380909e-01,6.210002652257240463e-01,7.052456214915721056e-01,6.791300407647153925e-01,3.879231487710201876e-01,3.375034001999727695e-01,4.237258128032595494e-01,6.625236193917833916e-01,3.388624194333000883e-01,5.642368613407515721e-01,3.572351878889429289e-01,3.905477104828883883e-01,2.317195066098879375e-01,3.590361639678005812e-01,4.933661603491973913e-01,3.233488756968471711e-01,5.427439181294383408e-01,2.005217721235359463e-01,3.084318462365179814e-01,2.888026215693070275e-01,4.136376162350215435e-01,6.812780613077675795e-01,6.453138844122615625e-01,3.469440727152996451e-01,5.219051519520281346e-01,2.786335685869722467e-01,1.298039213190141927e-01,9.092544689264433488e-01,3.632270127012349747e-01,3.819391288567913212e-01,4.702453122889193038e-01,5.508798164941228759e-01,6.715015781131233874e-01,7.863038433859712018e-02,3.270109402504152718e-01,2.209951497752708494e-01,1.687517078442846152e-01,4.868013936365265248e-01,3.765835940585014474e-01,5.830554257245581379e-02,3.490509232527563288e-01,8.600340287038814591e-01,3.900182921990930085e-01,4.196673559428614753e-01,6.156036349374816724e-02,2.530310054423783872e-01,8.382198775849578620e-01,6.178454555582973962e-01,3.981717130294005202e-01,9.020791052832290990e-01,4.444195403444903825e-01,2.421435653467124971e-01,4.256916725738855156e-01,7.612973406861978098e-01,2.127021598043102590e-01
6.074231042639412215e-02,1.047126659751379252e-01,5.443330647168425074e-01,6.940394421484746834e-01,1.752488458458131004e-01,5.641368712573819888e-01,5.662893916752013146e-01,5.707048379158300433e-01,5.139227514282747045e-01,2.535939941690634192e-01,2.329868936482932806e-01,3.686492232867090157e-01,5.681827606557613430e-01,2.751123940006242052e-01,3.587971683847932525e-01,1.958335937789682513e-01,3.290460441113646772e-01,1.295047022561390537e-01,3.029109363608567529e-01,4.027527699780856785e-01,2.301898680207941639e-01,5.037531562749765213e-01,9.219081381439339640e-02,1.742256506706440500e-01,1.971704382686824963e-01,3.675321537756285895e-01,4.823650915446385801e-01,5.224339339224429724e-01,2.606248944585166649e-01,2.881558401407109948e-01,1.888485030461444780e-01,4.901841019966975133e-02,7.572104209036187861e-01,3.285104209346717541e-01,2.302712384281382640e-01,4.398906568620141733e-01,5.068839284494137676e-01,5.806007259986004643e-01,3.257101207988611496e-02,1.849562100724234381e-01,1.309868568285239010e-01,6.612171571243197210e-02,3.100083011976325631e-01,2.034906200076784244e-01,2.416267030512561295e-02,1.447675119075437500e-01,6.572140766406707746e-01,2.657486618741261575e-01,3.006582402191373404e-01,2.370458100441200783e-02,1.573427689283569408e-01,7.166614085438957060e-01,4.275002206221759637e-01,2.189776944655600632e-01,8.401010108989110936e-01,3.473299127464269942e-01,2.039682327033708054e-01,3.867496687759586771e-01,5.030179033618952245e-01,1.708730074816905697e-01
8.624450182226637285e-01,6.817797002752533642e-01,9.927401353574166754e-01,9.979444410714155556e-01,9.251660855676535622e-01,8.396924144868176398e-01,8.066625138214161828e-01,9.641337145865868097e-01,9.735773243415397626e-01,8.919073978899824118e-01,8.106138197264479706e-01,6.550652041686040317e-01,9.106468502417724986e-01,6.384034330769357002e-01,9.761485302886369064e-01,9.431695527639901711e-01,6.583741683883953533e-01,8.468891187537931353e-01,6.143581891414672258e-01,8.154877706590129005e-01,7.669810680468011066e-01,6.931950757020077791e-01,9.120260362029041223e-01,9.066667695012787798e-01,7.629147521357176887e-01,6.104193042637880984e-01,9.848882343707925369e-01,9.365812330159938304e-01,7.419425464977540408e-01,9.848000719159507588e-01,7.563272971491886709e-01,9.221027423384812183e-01,9.991827387704608210e-01,5.176538831114965156e-01,9.244800120089838869e-01,5.950450316434959808e-01,7.173841186375027323e-01,9.104607521327893194e-01,7.969755128513822395e-01,9.177629152018721426e-01,7.930129941055225062e-01,9.394233999785056577e-01,9.536098135895331174e-01,9.542681544637646729e-01,7.292029203052518005e-01,9.840616527336915054e-01,9.986545131409705345e-01,8.693455438685676606e-01,8.601365205916535750e-01,7.968847568423139682e-01,7.972546319729765241e-01,9.900159872347259471e-01,9.749155823893600470e-01,9.577469002378899976e-01,9.893562253182113242e-01,8.106665053302178903e-01,4.421461425470747386e-01,5.903731230836477550e-01,9.972245837568302074e-01,4.515817464990833363e-01
9.490527716170534672e-03,3.357546153462440813e-02,1.417270575697780755e-01,1.945096144322342180e-01,3.749994215164693251e-02,4.193096224361142488e-01,4.456567582052159970e-01,2.747994785980787391e-01,1.936192430827714250e-01,8.232663008846344277e-02,9.146449933529664234e-02,2.630164892668265808e-01,3.589053167514977827e-01,1.665100416581682674e-01,8.530076260939328803e-02,4.012225391503674438e-02,2.169038259966599713e-01,3.183848628008509318e-02,2.016851323668441831e-01,2.352612173383932803e-01,9.898839745629674225e-02,4.209245457210802344e-01,1.451156457583454608e-02,4.091021892335203192e-02,7.740944906198309050e-02,2.775033748895950336e-01,1.366121399454577334e-01,2.695946779337420329e-01,1.279885058630103600e-01,4.639304112162193766e-02,7.318535251866391256e-02,5.299835015878267587e-03,2.050152582460582629e-01,2.605977135561867164e-01,5.973884119641603707e-02,3.768074122543810800e-01,4.134244415052176769e-01,3.758596180678816512e-01,4.597099744846868535e-03,4.272684847992367502e-02,3.758351985479865126e-02,7.409565229457414776e-03,8.347241002762682827e-02,3.907051424071460166e-02,3.484584883051938201e-03,1.421924003098917061e-02,1.374602331466741878e-01,9.694099918364629254e-02,1.240292495611746565e-01,2.898038654619007788e-03,4.972528385045049681e-02,3.535316863042297086e-01,1.254428067710868511e-01,4.289007950009938314e-02,6.129237309159460967e-01,1.822422247866807565e-01,1.378739779897389106e-01,3.087402323476752253e-01,8.023128836285343957e-02,1.036152327096963310e-01
2.721790120973161531e-01,2.630188044481815424e-01,8.804165572779272253e-01,9.467342720624305485e-01,5.025210018524142175e-01,6.887516671189114481e-01,6.709357049167067322e-01,8.081797526306875312e-01,8.050305186986015382e-01,5.359996168149532281e-01,4.559676065292486702e-01,4.786254374885504093e-01,7.426525491649225152e-01,4.063506477243998272e-01,7.438621842732194844e-01,5.515873425305404254e-01,4.532703656941332593e-01,3.732754473608417278e-01,4.170079374731950339e-01,5.810947448080822086e-01,4.287280352950971762e-01,5.798017681621467911e-01,3.746025169957207801e-01,4.783169507427104117e-01,3.972253787977580441e-01,4.595171899337165966e-01,8.262095204135899706e-01,7.480602613683751123e-01,4.408950313027029666e-01,7.393936944827180779e-01,3.860808931898329632e-01,2.932598315121264787e-01,9.685768554288766152e-01,3.980611046173966883e-01,5.540754172117570153e-01,4.996833139925591083e-01,5.925082740387198621e-01,7.484259885130597478e-01,1.728480375480538622e-01,5.028343925991958230e-01,3.427622784128112055e-01,3.588583231557981312e-01,6.607588623268003669e-01,5.804127887139683972e-01,1.301579467412776192e-01,6.193849888257250136e-01,9.496421318075011220e-01,5.251456663235294364e-01,5.440228789220160621e-01,1.458828622872617442e-01,3.754187311905192170e-01,9.117713255272046347e-01,7.727944061127627329e-01,6.019337602100885976e-01,9.405439798174811683e-01,5.421874512320372652e-01,2.832374046896063979e-01,4.640834546630172586e-01,9.059244262415958593e-01,2.596010882143605647e-01
4.370959037300689021e-01,3.621929480342507279e-01,9.401136586747942392e-01,9.766800795314148909e-01,6.590718943669674479e-01,7.345025967946262613e-01,7.105353363359304675e-01,8.719697372313800487e-01,8.792394702239465509e-01,6.578603433932330713e-01,5.611877516106853481e-01,5.256861071117084894e-01,8.000790081759268091e-01,4.666689396541970347e-01,8.521746877817043542e-01,7.071169380989877906e-01,5.077831423084592233e-01,5.148344496869313724e-01,4.681542782038258799e-01,6.519393688317565161e-01,5.240025123086314851e-01,6.105816569058954979e-01,5.563494407565798827e-01,6.282956621482422843e-01,4.984787549332752588e-01,4.990372828687791307e-01,9.035644662511472802e-01,8.181734124318655876e-01,5.244090485069622387e-01,8.645413112224454855e-01,4.874803207974346964e-01,4.971952245987601993e-01,9.876549667047692660e-01,4.284763789666107825e-01,6.921113697245874219e-01,5.246797056610161825e-01,6.268526629145219076e-01,8.035676042249825235e-01,3.088579916141616089e-01,6.532963563608049640e-01,4.664978676201055885e-01,5.696681941374533986e-01,7.820012023415752189e-01,7.364744754517263958e-01,2.403839142841912579e-01,8.067799417517157456e-01,9.799392215757922742e-01,6.377750864597346858e-01,6.460053121170787893e-01,2.778744262598197845e-01,4.944292833531086506e-01,9.488977373001142857e-01,8.647643509417893837e-01,7.530882190709775603e-01,9.615852955473368491e-01,6.229792187054435937e-01,3.212379026081307876e-01,4.970259688685534361e-01,9.609399275715259092e-01,3.043244504499201808e-01
4.002509782916859327e-01,3.402577105608595165e-01,9.306417392569888980e-01,9.722713100283594256e-01,6.282241826421215425e-01,7.253781776047177887e-01,7.025598135973715186e-01,8.604375317421630864e-01,8.661877386255318889e-01,6.337058005179173614e-01,5.395134532722186682e-01,5.159401699041133993e-01,7.890158104428492969e-01,4.540239166445270147e-01,8.333599889513655379e-01,6.773524831226819254e-01,4.964547382336228498e-01,4.849117876619833956e-01,4.574597512005050826e-01,6.376827904282321713e-01,5.041651537860954990e-01,6.042642771919879419e-01,5.182887832766767122e-01,5.982324553570393944e-01,4.771966537243722550e-01,4.908273056022733893e-01,8.905940594451364767e-01,8.049995399852728495e-01,5.070537949787464749e-01,8.436274906424549025e-01,4.660882316598243258e-01,4.523358866067485606e-01,9.849965159622410260e-01,4.221185601106802188e-01,6.653233094096979716e-01,5.195039128948690799e-01,6.198248845825368170e-01,7.929361758707474950e-01,2.762706596019052774e-01,6.235332726820038696e-01,4.399553918144235576e-01,5.254898173465089029e-01,7.596514742939785014e-01,7.072236448910730333e-01,2.131833922501869816e-01,7.744976645776023849e-01,9.756700229454324802e-01,6.152213734906422093e-01,6.256095455624390844e-01,2.453797528510967274e-01,4.692415841417157396e-01,9.426752920782589529e-01,8.487168682435003442e-01,7.250604054913848406e-01,9.579125792486052893e-01,6.066300609497736751e-01,3.131400476162869428e-01,4.901853061108254472e-01,9.529508904189707419e-01,2.947020744518846769e-01
2.064200313996680802e-01,2.207792886764924634e-01,8.348159101979421015e-01,9.206951053011179775e-01,4.225205041899539049e-01,6.644826331861741764e-01,6.502674081312719290e-01,7.684516300936361510e-01,7.569806313825880872e-01,4.727945216106054227e-01,4.045462197723915243e-01,4.553301776110812993e-01,7.103994741084420639e-01,3.772860799731715398e-01,6.738089061257389600e-01,4.680476263220711974e-01,4.265146007266412687e-01,3.089214324974657311e-01,3.921749426546310979e-01,5.443953858415493396e-01,3.828629789033355935e-01,5.642572485590163778e-01,2.932474634074392350e-01,4.035408859651193336e-01,3.494998826460913310e-01,4.400371314378757059e-01,7.723927225778398631e-01,7.071792200134494610e-01,4.003253796810862797e-01,6.547502011192226634e-01,3.386328595456537527e-01,2.123037040838539891e-01,9.504687892426708640e-01,3.832207165141123806e-01,4.806513092864524994e-01,4.872556739549896432e-01,5.750771205478996118e-01,7.174752071696373079e-01,1.252894124693230693e-01,4.260861212592376157e-01,2.874501764002433957e-01,2.673607079484126015e-01,5.898228966179430710e-01,4.937573309408648803e-01,9.349180681088080369e-02,5.046821064890768538e-01,9.215788536339122317e-01,4.674431474546518195e-01,4.913464333070444723e-01,1.023984528568045171e-01,3.206246018759936200e-01,8.853676445064918576e-01,7.130986866207376096e-01,5.162194877547027216e-01,9.264359600416558482e-01,5.009144367951579024e-01,2.654009101127972059e-01,4.478127045871972411e-01,8.580026475974281697e-01,2.390342421668320005e-01
8.329535177178477579e-01,6.493895937458025180e-01,9.908131071333906581e-01,9.973125095750859925e-01,9.098026949165827215e-01,8.300442832836639750e-01,7.974280890069151972e-01,9.585478097110873286e-01,9.685969753507689406e-01,8.755171692639936998e-01,7.894370117923559249e-01,6.416019776628262283e-01,9.019475779680732330e-01,6.204516682519792825e-01,9.705977065241894186e-01,9.307186696006125581e-01,6.427982040223272353e-01,8.219122527249623777e-01,5.988360457448941299e-01,8.009002145710086840e-01,7.448325006598497389e-01,6.846094725525968538e-01,8.915818472904735170e-01,8.891257767465888806e-01,7.388306533640726093e-01,5.985455095628737787e-01,9.813734478753014523e-01,9.283857628774562221e-01,7.213155457088792355e-01,9.804876827771826786e-01,7.316386423619180013e-01,9.001635339973140804e-01,9.988982314263055162e-01,5.078266405231655067e-01,9.104371182095831738e-01,5.874642142854139548e-01,7.081173233300024350e-01,9.019805713769598610e-01,7.556941877890264170e-01,9.017903100430493257e-01,7.651592640284411440e-01,9.221199859329113346e-01,9.443663901426118112e-01,9.436243973544534702e-01,6.804386462535693125e-01,9.787011240447600624e-01,9.981875883448583231e-01,8.518769748588128632e-01,8.433280189596382703e-01,7.525605733905036399e-01,7.714706834757020237e-01,9.880267037893989412e-01,9.695931610989867444e-01,9.478938688970992565e-01,9.877295585101674158e-01,7.941195255682373944e-01,4.282488337574119064e-01,5.803286968918410782e-01,9.962794035289632699e-01,4.344688971834100855e-01
5.292339927184788184e-01,4.180879645954972967e-01,9.583940535193621324e-01,9.847669238263672131e-01,7.286691591584480987e-01,7.559637021809961777e-01,7.294755834554883522e-01,8.967582614173127409e-01,9.065743563088474177e-01,7.133722203833610109e-01,6.130121830585285592e-01,5.493986359675228082e-01,8.252584033565503185e-01,4.977086833811436017e-01,8.908047034496563432e-01,7.725796388857564256e-01,5.354015891194119359e-01,5.870658179969274748e-01,4.943846495011399722e-01,6.856073495482176705e-01,5.720243659914717727e-01,6.258561523707258933e-01,6.457844114428901161e-01,6.973482516672122600e-01,5.503388058834912666e-01,5.190876186390548375e-01,9.296340106202669595e-01,8.474271526250664044e-01,5.664780002509994805e-01,9.058608301965657139e-01,5.397756841486822665e-01,6.055315422577688400e-01,9.923481178924291601e-01,4.441041785380133167e-01,7.521770071253939260e-01,5.372997455308947679e-01,6.437930337343196197e-01,8.277905666906374416e-01,3.963944758368271315e-01,7.208497103626896330e-01,5.318366673198311467e-01,6.718255127088921252e-01,8.301436037135433432e-01,7.996138910931336330e-01,3.162072040308129273e-01,8.706178627152789673e-01,9.875160924860105771e-01,6.902402419732321937e-01,6.935464797126906777e-01,3.673319611216731562e-01,5.558237458322121682e-01,9.615154948461113182e-01,8.979952402729415306e-01,8.131306920266796467e-01,9.693073970295240649e-01,6.617021746341767985e-01,3.414719729342257648e-01,5.137373189869869350e-01,9.753454533358090206e-01,3.285530580920321131e-01
5.526558049213713131e-02,9.888373438717563968e-02,5.184547282483973341e-01,6.684989538763569383e-01,1.627398483902558479e-01,5.565849392431057030e-01,5.600223557613567271e-01,5.544817416437824997e-01,4.944594967685557729e-01,2.405832887540147735e-01,2.227809115567233877e-01,3.626506123656689784e-01,5.571370620847626576e-01,2.684409985331713822e-01,3.374424323927319724e-01,1.816637617246528169e-01,3.224548726219202965e-01,1.208258951936654196e-01,2.969295248105102702e-01,3.928769321199784836e-01,2.210021005030651797e-01,4.993671016204689894e-01,8.404541438425772171e-02,1.624724066182011983e-01,1.883922473398149944e-01,3.624909243152859561e-01,4.591631943919387004e-01,5.081802141293765285e-01,2.518543944221792730e-01,2.658747029714618737e-01,1.803013181321043434e-01,4.375061163822865917e-02,7.323358297178415022e-01,3.247217372011454994e-01,2.161627993346259824e-01,4.365088045701108199e-01,5.019286480313671639e-01,5.699174173483497752e-01,2.943854935170368489e-02,1.724241547638587224e-01,1.231201869399517201e-01,5.918798378090093376e-02,2.923666053229094230e-01,1.882893517078765011e-01,2.185324840339741490e-02,1.294755770037237241e-01,6.272035780384278558e-01,2.534787280037528734e-01,2.885354899277590701e-01,2.125658413868763627e-02,1.486844187062008604e-01,7.000447632338329118e-01,4.064352766952496476e-01,2.029505155442039022e-01,8.314554721842186691e-01,3.370383876872660722e-01,1.999772388732045936e-01,3.824600933483786602e-01,4.708597493419641733e-01,1.666126223983079579e-01
8.204237422832921789e-01,6.366241623591104570e-01,9.899500460705249472e-01,9.970229068205526124e-01,9.032185722071498502e-01,8.262390933020317130e-01,7.938151656208212170e-01,9.562016798333502487e-01,9.664641144952925700e-01,8.687142180833484773e-01,7.809032226763974460e-01,6.363986765083935460e-01,8.984300917048827495e-01,6.135037581538076434e-01,9.681621902786424760e-01,9.253276723848797847e-01,6.367660710636585675e-01,8.115637908156464464e-01,5.928526225715969877e-01,7.951043284925596311e-01,7.360162440779384196e-01,6.812961337012293228e-01,8.827289248298397784e-01,8.816969748365819370e-01,7.292248003510272136e-01,5.939786723255260359e-01,9.798288827574996862e-01,9.250048378750732603e-01,7.131751471441110102e-01,9.785412735342131629e-01,7.218011884382656840e-01,8.904225818108995050e-01,9.987651019014035514e-01,5.040710229933705877e-01,9.044775899049295464e-01,5.845574571526496177e-01,7.045310212644537717e-01,8.985567175210438240e-01,7.385029762259330832e-01,8.949915850375318449e-01,7.538581624979804330e-01,9.143883226868804170e-01,9.403974603115381470e-01,9.389738795694505535e-01,6.606308246299414932e-01,9.762177368516102849e-01,9.979692506763554460e-01,8.447120620517957201e-01,8.364866644323157852e-01,7.340093991100410387e-01,7.610330157344615820e-01,9.871675540635121981e-01,9.672837871482001804e-01,9.435849021352482602e-01,9.870454071830448983e-01,7.875229249803422649e-01,4.229691351248714426e-01,5.764740183557792719e-01,9.958390227750352208e-01,4.279712342399869529e-01
2.588288682078530023e-01,2.546689843290579347e-01,8.727421717141629065e-01,9.425353092313852876e-01,4.873172353110624688e-01,6.842481455142549462e-01,6.670850582568740306e-01,8.011057415676531290e-01,7.965521556983710116e-01,5.241061985395069067e-01,4.461628133247111938e-01,4.742218060460043905e-01,7.367527602249295260e-01,4.008119143866660794e-01,7.314299299796859222e-01,5.359113439861298289e-01,4.481987754644234934e-01,3.607032241774814629e-01,4.122880556796985063e-01,5.742290669930560920e-01,4.199579474476529684e-01,5.768812375521996660e-01,3.585268770153028361e-01,4.640347472977648935e-01,3.880418394310563013e-01,4.558319915850835291e-01,8.168899443501688173e-01,7.406472078980762541e-01,4.331656993373539932e-01,7.244904866827288625e-01,3.769328408269356778e-01,2.766816638283006724e-01,9.657395095831001752e-01,3.952469660520184780e-01,5.403106500614082153e-01,4.973390062066540551e-01,5.892371804947762470e-01,7.427645343087441177e-01,1.629000139925329271e-01,4.882592077208259274e-01,3.319366860360871696e-01,3.405168888310697861e-01,6.478151361772926942e-01,5.642834783467711723e-01,1.224155550637145151e-01,5.983598594528525272e-01,9.452015475450192827e-01,5.142678137122307369e-01,5.341276979697516802e-01,1.366520163397539345e-01,3.647853009631699672e-01,9.072525620925028234e-01,7.622399502721042275e-01,5.860788490537431894e-01,9.380929670825001176e-01,5.344304999919345933e-01,2.798185056924545888e-01,4.610079202347733274e-01,8.981613758139678216e-01,2.556357352772304359e-01
5.682307565088760837e-02,1.005640786485127586e-01,5.260672998517278431e-01,6.761080733584535762e-01,1.663351952160062874e-01,5.588045229253537638e-01,5.618639888469981747e-01,5.592573345588106593e-01,5.001734203683506630e-01,2.443545180729358168e-01,2.257432365999411661e-01,3.644070444032129208e-01,5.603856610454065468e-01,2.703885919034086371e-01,3.436468537917730104e-01,1.857384096429537390e-01,3.243824106865613732e-01,1.233200204301855701e-01,2.986781627145113638e-01,3.957670952137318787e-01,2.236714671149414579e-01,5.006545553526912107e-01,8.636606434275169442e-02,1.658545326991737179e-01,1.909373608780892961e-01,3.639675946353574387e-01,4.659598043757742780e-01,5.123665096621037307e-01,2.544083656123182213e-01,2.722997612056407557e-01,1.827784275615010612e-01,4.523818861312575712e-02,7.398022012639019485e-01,3.258314760876268590e-01,2.202380917028877727e-01,4.375008782874175717e-01,5.033832486872023004e-01,5.730604996930771522e-01,3.032643070558979984e-02,1.760314190189287420e-01,1.253862110538764840e-01,6.114937404798512915e-02,2.974837316162242118e-01,1.926588533209491472e-01,2.250779601126183874e-02,1.338158578985214897e-01,6.361268410198548384e-01,2.570411999951485726e-01,2.920636661875504747e-01,2.194830475479710163e-02,1.511843227200755924e-01,7.049798123599662070e-01,4.125864868823495568e-01,2.075624139035364413e-01,8.340311589632877221e-01,3.400437927906603264e-01,2.011426037731229299e-01,3.837173429648353395e-01,4.802859757232084692e-01,1.678542834651566285e-01
7.888344018539454605e-02,1.226690648840629838e-01,6.151072091615301662e-01,7.592412908737037336e-01,2.142676413559090887e-01,5.851126983351900845e-01,5.837175213349498071e-01,6.152239647116981569e-01,5.680066842471122035e-01,2.924137481039347786e-01,2.632588337686745383e-01,3.856565986387239797e-01,5.987174688098293451e-01,2.943280989702533046e-01,4.213928767317478008e-01,2.398781666548830127e-01,3.478553439231729105e-01,1.566517193198377900e-01,3.200127777194654022e-01,4.308018746203658433e-01,2.573136938626297554e-01,5.160281157917280259e-01,1.188703528378498159e-01,2.106764470194514294e-01,2.233731824448873249e-01,3.817986150452047367e-01,5.474109167802876375e-01,5.620751692566133828e-01,2.862093873855167669e-01,3.560051614219000848e-01,2.144198902667474871e-01,6.713723153261727528e-02,8.181784791086054165e-01,3.392363051388795903e-01,2.731091730308682908e-01,4.493880044943854291e-01,5.207475509334477115e-01,6.100837284882300038e-01,4.314618655291131005e-02,2.237474138482385966e-01,1.553003393162122603e-01,8.972665515735864239e-02,3.623102103990745726e-01,2.508075896188315945e-01,3.196581701929979841e-02,1.955943318473070125e-01,7.343376440162711072e-01,3.020512494099543699e-01,3.360788256696725651e-01,3.211158776325254149e-02,1.837656394320136277e-01,7.600960830845734373e-01,4.876491435834597321e-01,2.685576835942846130e-01,8.624007485227850323e-01,3.768878811747756741e-01,2.154559633779671024e-01,3.988516577597450152e-01,5.920849550527741423e-01,1.832607715110469715e-01
1.849212688552842251e-02,5.069275180163588385e-02,2.496867928732979802e-01,3.480254714414621198e-01,6.632900272510157402e-02,4.702967843613884980e-01,4.883768811745293204e-01,3.714641556355753882e-01,2.886953273781725504e-01,1.256919310835336034e-01,1.295652102096781777e-01,2.981747374325529054e-01,4.310659261356793448e-01,2.004766372203539149e-01,1.495805600250404432e-01,7.237274521465913990e-02,2.532233602124095984e-01,5.313982265237211094e-02,2.343786787081519885e-01,2.888624253880330839e-01,1.354103317722196720e-01,4.499911392102450836e-01,2.834960787442566271e-02,6.988227435514438035e-02,1.093154391330974223e-01,3.078365708466732076e-01,2.286740044871418687e-01,3.516170137145829266e-01,1.667823324904641469e-01,9.339949091557912808e-02,1.037841113663397069e-01,1.176134390712697993e-02,3.840167927870622999e-01,2.835872313370368936e-01,9.907845077711026349e-02,3.987888906528334609e-01,4.461607474910752602e-01,4.471007743308477722e-01,9.246092669392660252e-03,7.354854738051173901e-02,5.926724469053116368e-02,1.628827401614878559e-02,1.381305126935500061e-01,7.231275788411525851e-02,6.945066254200035760e-03,3.334968095297554530e-02,2.777409445591393911e-01,1.416934544000990337e-01,1.734295242849072938e-01,6.125660041394615819e-03,7.587484203113391279e-02,4.847010929067575580e-01,2.046241556613285495e-01,7.900445633716560168e-02,7.077196105141666527e-01,2.327240078112363941e-01,1.589401897927488205e-01,3.354053269400534276e-01,1.720502994328679536e-01,1.242350231773138441e-01
1.778296661894056552e-01,2.012648490868328977e-01,8.067409519588030209e-01,9.033847433390308490e-01,3.831211180124987070e-01,6.517984528701457059e-01,6.395383758118864392e-01,7.461771701529067435e-01,7.296762260832329039e-01,4.408826827697295836e-01,3.791274389224872921e-01,4.435608790872865304e-01,6.931236345389785170e-01,3.628344450539855437e-01,6.346805737253345958e-01,4.259857628253068684e-01,4.130718758547772818e-01,2.786853513490320511e-01,3.797582761052287759e-01,5.255341900573334835e-01,3.602797410863261551e-01,5.563076944616953678e-01,2.561216134822055790e-01,3.669829952875019452e-01,3.262927058123675783e-01,4.302049412879527801e-01,7.408828368106147311e-01,6.849804650507699266e-01,3.801866755336869019e-01,6.071355183837675584e-01,3.156457221898602561e-01,1.779417796237579563e-01,9.378201143733496670e-01,3.757603333014365443e-01,4.434615565673937221e-01,4.809456941499764548e-01,5.661445881427193960e-01,7.008924965458913636e-01,1.057234162757271084e-01,3.881859333346726060e-01,2.614805022050819550e-01,2.269867047463441923e-01,5.520703681469832924e-01,4.495377953579059449e-01,7.864949471003079839e-02,4.454209403316033988e-01,9.023554515669359732e-01,4.383567177106221235e-01,4.645791949142902277e-01,8.502610562815653139e-02,2.944632491054486878e-01,8.694731961408518339e-01,6.794158095290386834e-01,4.719661511757493599e-01,9.181381445629503979e-01,4.799014919356813791e-01,2.566172429809102651e-01,4.395852118735197878e-01,8.266363128472735688e-01,2.290211922601661509e-01
4.815106393276535335e-01,3.888645242264752722e-01,9.497418218337198015e-01,9.810123999829052366e-01,6.938431653838044166e-01,7.450310552817902554e-01,7.197937033257013617e-01,8.845381405023400312e-01,8.932314769570289803e-01,6.853737435853545223e-01,5.864939131313284815e-01,5.371759666848715531e-01,8.125829609863033376e-01,4.816641631254290901e-01,8.721048389295656955e-01,7.401209365160174025e-01,5.211573586885610565e-01,5.500373327992446049e-01,4.808277631396146168e-01,6.684389161504192822e-01,5.473398825808110102e-01,6.179984355562165854e-01,6.004508106773316367e-01,6.625646035878657303e-01,5.236263462484286313e-01,5.087383515901197084e-01,9.171060461500369909e-01,8.328345221317244862e-01,5.448367134997388339e-01,8.861608030043847117e-01,5.128098820868003394e-01,5.502018713718623832e-01,9.902017628708609243e-01,4.360190381777995783e-01,7.221648859416097688e-01,5.307884062712714401e-01,6.350878284633383331e-01,8.155914021982209050e-01,3.499454656338755187e-01,6.869653994018753984e-01,4.980942992115630075e-01,6.204244591943464116e-01,8.064258443372743779e-01,7.685217016721102024e-01,2.754557110886926563e-01,8.402417070472368854e-01,9.840443823222224662e-01,6.636566064720148539e-01,6.694329260392404279e-01,3.194984213150372510e-01,5.242170485824652060e-01,9.554262767557156755e-01,8.818499571183598951e-01,7.836405655149520921e-01,9.655288410564073498e-01,6.419399582866344156e-01,3.309463327931459475e-01,5.051099946120313211e-01,9.687066787338709517e-01,3.159182017334007941e-01
1.756484991841819054e-01,1.997372164730533972e-01,8.043073206354723892e-01,9.018389036097983480e-01,3.799786480137667399e-01,6.507579276519199762e-01,6.386602160788801275e-01,7.443063880022614542e-01,7.273745874720817239e-01,4.383073072283183436e-01,3.770887520673258941e-01,4.426071092325886136e-01,6.916947833943206669e-01,3.616705311171862225e-01,6.314128238980080132e-01,4.226061749035695536e-01,4.119849173692377020e-01,2.763095856234420444e-01,3.787559455864599745e-01,5.239976019272128971e-01,3.584700099302692844e-01,5.556603934596174854e-01,2.532439984098606711e-01,3.640723475478780391e-01,3.244419246919648669e-01,4.294082889809013870e-01,7.382014964220198205e-01,6.831370285197765346e-01,3.785671770024999216e-01,6.031610335562919145e-01,3.138149513649986511e-01,1.753504821136365743e-01,9.366691309948236288e-01,3.751566359600934097e-01,4.404615748836444022e-01,4.804331887289010061e-01,5.654167629543694895e-01,6.995207030093135714e-01,1.042579682652132744e-01,3.851583183302852986e-01,2.594380929676901038e-01,2.239026617657754736e-01,5.489699312886922034e-01,4.459699624798903472e-01,7.754311417703133036e-02,4.406504328943314786e-01,9.006212433261842065e-01,4.360089632939276871e-01,4.624109687815355363e-01,8.373856679461540164e-02,2.923926861647341835e-01,8.681025862532089077e-01,6.765881618689026933e-01,4.683801195211075852e-01,9.174276531538763102e-01,4.781961131686548461e-01,2.559119115002938538e-01,4.389180447400026774e-01,8.238610769272408652e-01,2.282206295651936501e-01
6.722829165039402588e-02,1.113501196867076048e-01,5.720250572183073201e-01,7.203541144659568740e-01,1.896031939380635745e-01,5.722636514037445776e-01,5.730373896260246847e-01,5.880644502463192591e-01,5.349045193474200044e-01,2.681651145185325325e-01,2.443757112707331813e-01,3.751769007492419816e-01,5.800420488465791724e-01,2.824356393361079354e-01,3.825157873244743323e-01,2.120671751057318921e-01,3.362444407750468378e-01,1.394732445549703159e-01,3.094499946041489591e-01,4.135131758820091985e-01,2.404148677660744859e-01,5.084918108516730539e-01,1.017830606929262249e-01,1.876686002512476525e-01,2.069986190911766444e-01,3.730121413061586733e-01,5.075184756106346784e-01,5.377940450417275642e-01,2.703213117135125354e-01,3.134377148744327268e-01,1.984297689028024503e-01,5.538428092774567990e-02,7.822679913608262536e-01,3.326294840033944267e-01,2.462273230677667346e-01,4.435511701930628381e-01,5.122367767240421088e-01,5.920598938251040444e-01,3.631742920954376258e-02,1.992765462747669025e-01,1.399627730185596941e-01,7.445728753480858331e-02,3.297113694914475257e-01,2.209226254017249425e-01,2.692562399916776164e-02,1.629465244392647727e-01,6.882805469076871407e-01,2.794252397382745445e-01,3.140776560723302357e-01,2.665894328183275597e-02,1.671547004609471865e-01,7.339761292694408912e-01,4.505587742834488707e-01,2.372972042087096722e-01,8.490355052641610500e-01,3.586127310543770763e-01,2.083469291408231727e-01,3.914045584285112400e-01,5.377301358217787541e-01,1.755732671069190620e-01
8.806533158669188621e-02,1.311272769214083256e-01,6.441265355763272638e-01,7.840534590502195034e-01,2.327809999273461050e-01,5.939962450654163728e-01,5.911115327960145827e-01,6.337378135743610974e-01,5.907288941845717511e-01,3.100431486808963855e-01,2.769536571854511187e-01,3.930203477261055567e-01,6.115624624651699870e-01,3.027822554064819038e-01,4.490935446986886737e-01,2.606720536712962555e-01,3.560524856640496227e-01,1.696091979988081921e-01,3.274820715397773752e-01,4.429479669190555802e-01,2.695341944983256632e-01,5.212736510986971661e-01,1.321948451909469024e-01,2.278868144365861770e-01,2.353129764910116828e-01,3.879654976364682595e-01,5.748738379042283020e-01,5.788218737555375082e-01,2.976010416341651199e-01,3.871152510442619765e-01,2.261001412740427929e-01,7.665088039137157860e-02,8.403548482166023348e-01,3.438759529590020847e-01,2.928811936185362064e-01,4.534621728154052400e-01,5.266691680813201382e-01,6.224665579172864449e-01,4.861045576806768270e-02,2.420158658968414589e-01,1.667758256585538390e-01,1.019770606053881090e-01,3.858130408589780513e-01,2.731526076852100471e-01,3.600397927318506330e-02,2.211222800348601469e-01,7.637282150107417289e-01,3.184099568851689877e-01,3.518433679461857588e-01,3.653172146576028761e-02,1.960745297993112812e-01,7.772227084828974286e-01,5.135908299152137646e-01,2.918125040116034685e-01,8.711120112987748021e-01,3.898317593249570057e-01,2.205109903161573404e-01,4.040671690383327297e-01,6.287369651906442591e-01,1.887683720543034960e-01
3.832061365125482011e-01,3.301234981127336154e-01,9.257006524330326780e-01,9.699166886507797347e-01,6.132632412709386749e-01,7.210011980933977993e-01,6.987488949316464915e-01,8.546941190907788588e-01,8.596183838403220756e-01,6.220495085119565060e-01,5.292184148338335836e-01,5.113320742730155244e-01,7.836364972958337338e-01,4.480706907721709320e-01,8.238272182959551770e-01,6.627563977547394902e-01,4.911044054685094196e-01,4.708024936029472363e-01,4.524212649560507837e-01,6.308617843600461406e-01,4.947867354326317968e-01,6.012680228626144929e-01,5.002095832966668709e-01,5.837555668867117076e-01,4.671682168553515369e-01,4.869508332364029801e-01,8.839509820667281748e-01,7.985301185807914814e-01,4.988476895982007497e-01,8.328674064949627143e-01,4.560222388733717325e-01,4.313691393739578217e-01,9.835519291215250037e-01,4.191243092620528521e-01,6.522755980562755518e-01,5.170576411449703258e-01,6.164876135795536172e-01,7.877687571872630246e-01,2.616394683232334262e-01,6.091274365906444999e-01,4.275273257276652750e-01,5.044394611265841100e-01,7.485648074533143292e-01,6.927647619598813478e-01,2.011405041590031417e-01,7.579766037601713968e-01,9.733568300144157526e-01,6.043867355466495672e-01,6.158131278228917704e-01,2.309526822212803199e-01,4.573908114880933518e-01,9.394945736581529205e-01,8.406080278114445026e-01,7.111554546791648557e-01,9.560631735549425247e-01,5.988212743278514827e-01,3.093539586657675367e-01,4.869552911599657197e-01,9.486575164612235378e-01,2.902191319182420015e-01
1.037656009245541550e-01,1.448354661048174286e-01,6.859667362622351439e-01,8.179136643821023345e-01,2.627925325535793166e-01,6.072952496541462741e-01,6.021997669738526904e-01,6.609516368623528093e-01,6.242955799579941178e-01,3.377360967497956001e-01,2.984486456231528750e-01,4.042333709388125640e-01,6.306665946859310035e-01,3.158062440402682469e-01,4.914782745320856461e-01,2.942073521072920417e-01,3.685926301318281917e-01,1.907735925487296647e-01,3.389294054266440148e-01,4.614172060071505266e-01,2.886695396531085978e-01,5.291865468917248405e-01,1.546976761977234827e-01,2.557086983531628999e-01,2.541674709255347664e-01,3.973469740327549293e-01,6.154391387737137009e-01,6.037623558881439756e-01,3.152895593767321980e-01,4.358186319852176971e-01,2.445796077007368896e-01,9.337365779649570152e-02,8.696314543042912293e-01,3.509396605469126684e-01,3.242690348884941232e-01,4.596269100203568825e-01,5.355976465200226189e-01,6.408644746091087807e-01,5.812128408175866456e-02,2.714738909250858923e-01,1.853779027148441394e-01,1.232830943520858702e-01,4.223073214786968732e-01,3.091570431828397636e-01,4.304626037293189655e-02,2.640227815554621049e-01,8.036973719087058265e-01,3.439787641466730550e-01,3.762673514962502352e-01,4.433318453559898648e-02,2.158278687851231947e-01,8.013996782699953636e-01,5.525866747679401003e-01,3.290730819082191561e-01,8.833743471547672588e-01,4.096727337637867672e-01,2.283055243808437829e-01,4.119848770954545047e-01,6.812889739394007993e-01,1.973255655691052157e-01
2.807197010047898789e-01,2.683144226828534373e-01,8.849976179911070995e-01,9.492045872718463118e-01,5.120022115349159852e-01,6.915423703949012957e-01,6.733256176925600522e-01,8.124933972474872590e-01,8.101809886334233601e-01,5.433970946027052440e-01,4.621001550309550288e-01,4.813734757833257882e-01,7.462878968522389522e-01,4.098170576154205880e-01,7.514218281243936204e-01,5.613139816323966524e-01,4.564382344434516625e-01,3.812049321082219278e-01,4.199592554436072933e-01,5.853608339940971073e-01,4.342205937951501560e-01,5.816203371037302894e-01,3.847725868665736182e-01,4.872434833323696646e-01,4.029899944181769555e-01,4.618177225110406958e-01,8.318296249270874521e-01,7.526116419674653280e-01,4.457301981092401943e-01,7.484194019470031822e-01,3.918275110300140640e-01,3.038876330424900574e-01,9.702298219199663176e-01,3.998195644566659990e-01,5.626193286769866075e-01,5.011453482073200405e-01,5.945441579556048906e-01,7.519145861567464451e-01,1.792918815755154549e-01,5.119232981869080712e-01,3.495983036218167084e-01,3.705136459982928399e-01,6.687126369590089547e-01,5.903877472528097359e-01,1.351945244491234710e-01,6.322795041176789699e-01,9.522366953009223645e-01,5.319182008231003733e-01,5.501769304144586981e-01,1.518975754822831370e-01,3.821123442781962920e-01,9.144878458413318034e-01,7.792070885464373875e-01,6.117166594163244708e-01,9.420262192293999970e-01,5.470149571036776459e-01,2.853823350733520892e-01,4.660029017389973327e-01,9.104933966157096048e-01,2.620941990648246733e-01
5.928229540309565282e-01,4.585341306451038434e-01,9.678599465702433235e-01,9.887077133238053595e-01,7.716398407889820676e-01,7.702464697244100211e-01,7.422386046213182986e-01,9.114671092705908251e-01,9.222449319373084986e-01,7.487851710114834525e-01,6.478364270518768286e-01,5.658434241646886909e-01,8.413238493576582488e-01,5.194243736959746061e-01,9.122668811307296233e-01,8.117753514175289897e-01,5.545836180912788738e-01,6.355835639846942886e-01,5.127417178406737941e-01,7.080521980929218584e-01,6.048479678038531926e-01,6.363851820999743003e-01,7.030899009718528658e-01,7.410027134984924491e-01,5.860062220457296078e-01,5.330664409472625209e-01,9.438106334464855252e-01,8.654939934122628520e-01,5.953533932312342625e-01,9.276425808773095527e-01,5.758745647757433916e-01,6.760975768710003608e-01,9.945282920535739590e-01,4.550929895232341260e-01,7.891939429276257911e-01,5.460914490001423927e-01,6.554239442920024583e-01,8.432711141437372326e-01,4.621967906852619823e-01,7.629442248796212134e-01,5.769873043770100685e-01,7.351875306789954490e-01,8.584861004712237564e-01,8.365487938088591591e-01,3.760881985166914521e-01,9.037769256299988951e-01,9.910543231928603536e-01,7.242871898625380389e-01,7.245519912019530162e-01,4.362921005941807762e-01,5.978455210189348445e-01,9.684966128468922575e-01,9.167174296564486458e-01,8.479731116701559879e-01,9.737879846878209067e-01,6.875653504537961869e-01,3.559681198331536289e-01,5.253994061142595040e-01,9.821857005261875884e-01,3.460532419384253489e-01
3.035850511004036800e-01,2.823419010794755435e-01,8.961592371429533133e-01,9.551085518682443931e-01,5.365052128804530529e-01,6.987062901887344246e-01,6.794744578711916505e-01,8.233193263076137303e-01,8.230363528647510751e-01,5.624626837793337275e-01,4.780346059443975615e-01,4.884967470083609320e-01,7.555459973215611358e-01,4.188373207538685361e-01,7.702998555626906496e-01,5.862740547082674336e-01,4.646599700806489097e-01,4.020326146185091432e-01,4.276304364913677269e-01,5.963507729470428620e-01,4.485204566399392245e-01,5.863206861685859028e-01,4.115694709645986715e-01,5.103903252810663149e-01,4.180439974091181843e-01,4.677842827293851036e-01,8.457127473095366055e-01,7.641424963332493769e-01,4.583007165637236202e-01,7.708175079529721030e-01,4.068499120743770958e-01,3.323913251398159519e-01,9.741289740656586815e-01,4.043865483465157173e-01,5.845673393486705560e-01,5.049324063209154057e-01,5.998025990249159500e-01,7.607995857094046466e-01,1.968530976829493406e-01,5.354155669021221087e-01,3.675904686679286049e-01,4.013855687946359940e-01,6.888653006996504624e-01,6.158650038385645731e-01,1.490081476437654928e-01,6.647778744326066080e-01,9.583793406554051986e-01,5.494009303797207089e-01,5.660424690969193540e-01,1.684249055916254290e-01,3.996550590338132647e-01,9.211751478462087972e-01,7.952098962359049894e-01,6.366264574942052112e-01,9.457059934354525854e-01,5.594767567618142978e-01,2.909835992284538486e-01,4.709795261668214272e-01,9.214106821376587542e-01,2.686236588880876464e-01
7.135153848669703036e-01,5.436516192039746453e-01,9.813182968779223803e-01,9.939527913911886392e-01,8.448195056100777922e-01,7.979906424505111007e-01,7.674538011889205924e-01,9.361104091790938275e-01,9.473514862268817005e-01,8.125311979837088749e-01,7.150515979296863112e-01,5.994892111122400724e-01,8.708371127548741875e-01,5.641854671638876217e-01,9.450817229275818576e-01,8.762174860396235720e-01,5.938333915290502363e-01,7.272323248755034886e-01,5.506897117184028634e-01,7.514959755832681942e-01,6.697881449743290361e-01,6.578245603688335219e-01,8.029735203322349024e-01,8.176731164610337999e-01,6.568860371678725274e-01,5.619001247537755983e-01,9.650998242959503148e-01,8.972621075165186921e-01,6.530510765889234737e-01,9.587800102370390709e-01,6.479103031434459981e-01,7.980227862520532511e-01,9.972776266958502944e-01,4.780364383518872495e-01,8.526708077645798189e-01,5.642475727347734393e-01,6.789755398352251836e-01,8.717822734882617608e-01,6.003746731829303629e-01,8.356343124248093446e-01,6.660026933071016009e-01,8.393813825148124241e-01,9.047803047008544652e-01,8.956240396469685727e-01,5.110403643339825885e-01,9.494202582644801769e-01,9.955348383781873478e-01,7.871025405363237804e-01,7.823521967677669053e-01,5.843372019041896959e-01,6.800851219760279953e-01,9.792908369238879640e-01,9.459573241004738398e-01,9.032913187086062390e-01,9.811495867279588223e-01,7.375927020955952429e-01,3.868977665201643878e-01,5.495101045188451883e-01,9.909776314969569455e-01,3.837038899217730670e-01
2.297131864569045001e-01,2.360926331698488256e-01,8.534380947892036273e-01,9.316430152285588573e-01,4.523980709305027159e-01,6.737327028613103730e-01,6.581219088717950028e-01,7.840542057283617083e-01,7.759688624558109815e-01,4.966020202474657474e-01,4.237273956668460850e-01,4.640849194905504183e-01,7.228228911743563856e-01,3.881397184567959568e-01,7.013531131694933363e-01,4.995478035984307619e-01,4.365480812039532754e-01,3.324550834149066492e-01,4.014681933362552191e-01,5.582938710438271057e-01,3.999371289521403416e-01,5.701272958173799754e-01,3.226955378153816834e-01,4.313665352685316368e-01,3.671775160418859763e-01,4.473542371661578532e-01,7.939367944061502813e-01,7.230237157598305986e-01,4.154738207604496414e-01,6.881915358586796483e-01,3.561806548081148383e-01,2.407428371395247402e-01,9.582263095571350586e-01,3.887851831492633026e-01,5.083732745873348335e-01,4.919344449371668149e-01,5.816654607972896462e-01,7.293975436079034314e-01,1.417242550582452076e-01,4.547705503742396904e-01,3.076557176151220041e-01,3.000653638670985890e-01,6.171572065455990241e-01,5.266283667223716769e-01,1.060647831937801822e-01,5.486058972954894752e-01,9.335214685016851588e-01,4.891527347190063879e-01,5.112230596079875289e-01,1.172351220491465729e-01,3.407787020541621081e-01,8.960347227385849767e-01,7.366444753597245487e-01,5.488886306947433624e-01,9.320780575897043008e-01,5.164882180630931963e-01,2.720326303987640193e-01,4.539284661183451419e-01,8.780721560821288518e-01,2.466457067762896083e-01
7.512091729245050642e-01,5.738216455467839427e-01,9.846458656674882404e-01,9.951695807889944234e-01,8.659473901939692686e-01,8.073109274321397244e-01,7.760672256837228833e-01,9.432751324221863021e-01,9.543276891974943332e-01,8.321332747930417773e-01,7.371893426357091217e-01,6.113485552943602741e-01,8.802241827003798313e-01,5.800256169143477303e-01,9.537400043581880649e-01,8.942400964663628216e-01,6.076501500491690022e-01,7.563611525749870390e-01,5.641804132568006835e-01,7.659799891978198438e-01,6.917249921322370376e-01,6.653648296116007055e-01,8.319776243286159945e-01,8.404886809252878344e-01,6.808652233894716410e-01,5.721506867048951062e-01,9.706463396201330252e-01,9.069312168049682432e-01,6.727893340649387932e-01,9.664435427267394907e-01,6.723647306479793029e-01,8.324144411422617074e-01,9.978814206227644146e-01,4.862929947002994080e-01,8.712375923062798400e-01,5.707202160010691472e-01,6.872128994046589057e-01,8.808757456604729974e-01,6.473352413294506391e-01,8.569368337485553377e-01,6.955842997327528199e-01,8.676677492040524298e-01,9.177714875950137019e-01,9.117230702958303290e-01,5.600972397878992703e-01,9.600987914433775083e-01,9.965219882760057990e-01,8.069181288337118341e-01,8.008196914938795485e-01,6.352161140153439467e-01,7.073281335292859184e-01,9.822016491665029880e-01,9.538579950015193543e-01,9.182832945522440005e-01,9.832610161842985086e-01,7.542239860854792477e-01,3.982322115586292011e-01,5.581071373118828838e-01,9.929396369843170866e-01,3.975827696357274177e-01
3.279642268035907332e-02,7.199984059649010282e-02,3.795903446600076281e-01,5.154100861335925154e-01,1.069346585231128327e-01,5.151571443051963239e-01,5.256649348655346721e-01,4.651406829691617784e-01,3.904266448687568891e-01,1.780250805088910149e-01,1.729399185603101852e-01,3.308184408801017051e-01,4.963734249615479044e-01,2.340071594123625809e-01,2.338948814070536675e-01,1.183207852651366188e-01,2.878861372508073613e-01,8.198311105539386745e-02,2.656421642134625949e-01,3.408793020681170627e-01,1.756944033352964285e-01,4.755400555442662047e-01,5.020661157756613896e-02,1.094367434114959653e-01,1.458883467226783914e-01,3.356315995081765036e-01,3.384713662680724489e-01,4.310501354573811894e-01,2.076799765924634000e-01,1.651005545241978067e-01,1.390615785973325635e-01,2.336986439276821093e-02,5.731240731305060621e-01,3.045312232431500177e-01,1.505021077968325405e-01,4.182331789048938653e-01,4.750062132828659078e-01,5.109446048385728467e-01,1.690819417388166393e-02,1.157855654452331906e-01,8.715015696356540054e-02,3.203005764055170262e-02,2.075552269233952307e-01,1.206740683374826067e-01,1.261291061672924034e-02,6.856737366033852088e-02,4.526018248226434393e-01,1.935272792631779759e-01,2.279887080724047888e-01,1.170643869962069948e-02,1.082963042440055479e-01,6.011165261439298524e-01,2.994541565155216523e-01,1.310583446338292324e-01,7.778959334435647799e-01,2.839176053805509969e-01,1.793051754375149798e-01,3.594723144603393372e-01,3.064506393413865548e-01,1.449256932726689373e-01
5.130874039445398882e-02,9.452688303752068699e-02,4.981335410300772870e-01,6.477926719855208182e-01,1.534634215119146938e-01,5.506585344708717633e-01,5.551061242736556878e-01,5.417070332483888695e-01,4.792419569530331769e-01,2.307278229666991365e-01,2.150218036214658901e-01,3.579873771038035168e-01,5.484557836215734339e-01,2.632938876222259972e-01,3.211817159800722243e-01,1.711444689569003308e-01,3.173471587580089515e-01,1.143903768155516143e-01,2.922981250064676240e-01,3.852111617507935626e-01,2.139996304842208263e-01,4.959358902229114019e-01,7.813479881211354838e-02,1.537299606708859012e-01,1.817365204055972905e-01,3.585680441175437827e-01,4.411297262911768047e-01,4.970189618520097774e-01,2.451311049639310069e-01,2.492300189245569286e-01,1.738274336695677380e-01,4.001068871694993950e-02,7.117853217491494355e-01,3.217737041220051220e-01,2.055695594269537074e-01,4.338672486070882517e-01,4.980517796699997501e-01,5.615136186881068969e-01,2.719358995640427587e-02,1.630962605280264766e-01,1.172522535894183898e-01,5.424489608748508940e-02,2.789845608337416238e-01,1.770166747427419363e-01,2.019834529179934113e-02,1.184905681646667847e-01,6.030089812317884768e-01,2.441445455131315279e-01,2.792572403520747759e-01,1.951555774388767650e-02,1.421882031274626090e-01,6.866651798739639156e-01,3.901886008910070980e-01,1.910337536643023637e-01,8.244352603479724317e-01,3.290929961798041981e-01,1.968960919186077130e-01,3.791170088251172299e-01,4.458563532511714556e-01,1.633392695229152758e-01
